lambda	I
3.000000000000000394e-07	7.929498830603513852e+03
3.010000000000000086e-07	9.762485092833858289e+03
3.020000000000000308e-07	7.960129218419286190e+03
3.030000000000000001e-07	9.337266103069763631e+03
3.040000000000000222e-07	6.424289994529923206e+03
3.050000000000000444e-07	7.602293517836162209e+03
3.060000000000000137e-07	8.917468893029070387e+03
3.070000000000000359e-07	1.117498395929144135e+04
3.080000000000000051e-07	7.829010052771417577e+03
3.090000000000000273e-07	8.226818080635883234e+03
3.099999999999999966e-07	7.238349150968860158e+03
3.110000000000000187e-07	6.923340787707627896e+03
3.120000000000000409e-07	7.596044714568544805e+03
3.130000000000000102e-07	6.305574451812146435e+03
3.140000000000000324e-07	8.822288388247796320e+03
3.150000000000000016e-07	6.821250835945240397e+03
3.160000000000000238e-07	7.562776089721532117e+03
3.170000000000000460e-07	8.033901238044049933e+03
3.180000000000000153e-07	7.046319149606925748e+03
3.190000000000000374e-07	8.563810209348237549e+03
3.200000000000000067e-07	6.237450954992306833e+03
3.210000000000000289e-07	7.490061878697272732e+03
3.219999999999999981e-07	7.474215355317039212e+03
3.230000000000000203e-07	7.314823515118387149e+03
3.240000000000000425e-07	5.559555941654438357e+03
3.250000000000000118e-07	5.873044275192050918e+03
3.260000000000000340e-07	6.879298136909550522e+03
3.270000000000000032e-07	8.503280432756451773e+03
3.280000000000000254e-07	8.050457523010565637e+03
3.289999999999999946e-07	6.921602617395299603e+03
3.300000000000000168e-07	4.825237863097390800e+03
3.310000000000000390e-07	7.838250534682745638e+03
3.320000000000000083e-07	7.739256884512257784e+03
3.330000000000000305e-07	6.424802861177160594e+03
3.339999999999999997e-07	7.511228759487921707e+03
3.350000000000000219e-07	6.488400682966283057e+03
3.360000000000000441e-07	8.270223603921111135e+03
3.370000000000000133e-07	6.695725636271996336e+03
3.380000000000000355e-07	7.272174728698842955e+03
3.390000000000000048e-07	5.689158946701460081e+03
3.400000000000000270e-07	4.873806152426535846e+03
3.409999999999999962e-07	8.517953942395806735e+03
3.420000000000000184e-07	6.160426486294571987e+03
3.430000000000000406e-07	6.184551730965669776e+03
3.440000000000000098e-07	6.834929381252793064e+03
3.450000000000000320e-07	7.076687557321961322e+03
3.460000000000000013e-07	8.353036211164100678e+03
3.470000000000000235e-07	6.477498379188846229e+03
3.480000000000000457e-07	6.680423843031054275e+03
3.490000000000000149e-07	6.017984984455725680e+03
3.500000000000000371e-07	7.113557025685748158e+03
3.510000000000000064e-07	4.592251032080523146e+03
3.520000000000000285e-07	5.200029092819180732e+03
3.529999999999999978e-07	7.508179360992508009e+03
3.540000000000000200e-07	4.646124521301776440e+03
3.550000000000000422e-07	7.670436280116960916e+03
3.560000000000000114e-07	5.272196755221214516e+03
3.570000000000000336e-07	6.216827547488656819e+03
3.580000000000000029e-07	5.730653154843706034e+03
3.590000000000000250e-07	6.447436239187840329e+03
3.600000000000000472e-07	5.447562627457843519e+03
3.610000000000000165e-07	7.283097699355610530e+03
3.620000000000000387e-07	7.237152451305692921e+03
3.630000000000000079e-07	7.302856652910570119e+03
3.640000000000000301e-07	8.655081154477662494e+03
3.649999999999999994e-07	7.621075735215531495e+03
3.660000000000000216e-07	7.965147327963080897e+03
3.670000000000000437e-07	8.056707432869858167e+03
3.680000000000000130e-07	6.336582402317624656e+03
3.690000000000000352e-07	7.319456576879559179e+03
3.700000000000000044e-07	8.807701917270074773e+03
3.710000000000000266e-07	5.030358502666910681e+03
3.720000000000000488e-07	6.826600791237356134e+03
3.730000000000000181e-07	7.371226284359901001e+03
3.740000000000000403e-07	5.958768935081039672e+03
3.750000000000000095e-07	5.199713060533599673e+03
3.760000000000000317e-07	8.262749727421896750e+03
3.770000000000000009e-07	7.980531498365033258e+03
3.780000000000000231e-07	6.761234993109565949e+03
3.790000000000000453e-07	6.275698869761422429e+03
3.800000000000000146e-07	3.853088814534257381e+03
3.810000000000000368e-07	7.092378471676393929e+03
3.820000000000000060e-07	6.623392803904921493e+03
3.830000000000000282e-07	5.423191108950629314e+03
3.840000000000000504e-07	7.396662325761582906e+03
3.850000000000000196e-07	7.033637365543159831e+03
3.860000000000000418e-07	8.287004594823689331e+03
3.870000000000000111e-07	6.898264229546154638e+03
3.880000000000000333e-07	6.838259993580241826e+03
3.890000000000000025e-07	5.552632616229102496e+03
3.900000000000000247e-07	6.676804098416181660e+03
3.910000000000000469e-07	6.081642583308847861e+03
3.920000000000000161e-07	6.652541646971410046e+03
3.930000000000000383e-07	7.144009066661922589e+03
3.940000000000000076e-07	6.557488363989456957e+03
3.950000000000000298e-07	7.671525845198851130e+03
3.959999999999999990e-07	6.627237735527173754e+03
3.970000000000000212e-07	8.030987040497820090e+03
3.980000000000000434e-07	8.147408469969398539e+03
3.990000000000000126e-07	7.091922995007829741e+03
4.000000000000000348e-07	7.601128761598130950e+03
4.010000000000000041e-07	7.483244217801229752e+03
4.020000000000000263e-07	7.444038364317300875e+03
4.030000000000000485e-07	8.891976745228314030e+03
4.040000000000000177e-07	7.864480357555576120e+03
4.050000000000000399e-07	8.811026671250094296e+03
4.060000000000000092e-07	8.795287565171665847e+03
4.070000000000000313e-07	9.154197497262053730e+03
4.080000000000000006e-07	8.712066614783478144e+03
4.090000000000000228e-07	9.630809349508670493e+03
4.100000000000000450e-07	1.046642971026220403e+04
4.110000000000000142e-07	9.658112691384114441e+03
4.120000000000000364e-07	1.148617063991936811e+04
4.130000000000000057e-07	1.197731174374830334e+04
4.140000000000000279e-07	1.294744193578117665e+04
4.150000000000000500e-07	1.332469481461734540e+04
4.160000000000000193e-07	1.524153046869704303e+04
4.170000000000000415e-07	1.582641790660658808e+04
4.180000000000000107e-07	1.806434981938939018e+04
4.190000000000000329e-07	1.918985322022531182e+04
4.200000000000000022e-07	2.260605698292057423e+04
4.210000000000000244e-07	2.507979799073966569e+04
4.220000000000000465e-07	2.751576879949117574e+04
4.230000000000000158e-07	3.318130835618622223e+04
4.240000000000000380e-07	3.578721456792483514e+04
4.250000000000000072e-07	4.181741016649363883e+04
4.260000000000000294e-07	4.632702021813939064e+04
4.270000000000000516e-07	5.225456802275199152e+04
4.280000000000000209e-07	5.946871000363603525e+04
4.290000000000000431e-07	6.543306371049337758e+04
4.300000000000000123e-07	7.307540858388572815e+04
4.310000000000000345e-07	8.238577558925433550e+04
4.320000000000000037e-07	8.941124389891097962e+04
4.330000000000000259e-07	9.907826898517714289e+04
4.340000000000000481e-07	1.090319237595743762e+05
4.350000000000000174e-07	1.211534819760367245e+05
4.360000000000000396e-07	1.324769254115879885e+05
4.370000000000000088e-07	1.480042310948439990e+05
4.380000000000000310e-07	1.630373587552935351e+05
4.390000000000000532e-07	1.838430296065245930e+05
4.400000000000000224e-07	2.057526491390177107e+05
4.410000000000000446e-07	2.333566388810281933e+05
4.420000000000000139e-07	2.676313310234925011e+05
4.430000000000000361e-07	3.140953662765879999e+05
4.440000000000000053e-07	3.653946380758003797e+05
4.450000000000000275e-07	4.307759948982524802e+05
4.460000000000000497e-07	5.108112209236160270e+05
4.470000000000000189e-07	5.995155870176808676e+05
4.480000000000000411e-07	6.906243761541942367e+05
4.490000000000000104e-07	7.924331805545393145e+05
4.500000000000000326e-07	8.890723868125436129e+05
4.510000000000000018e-07	9.765391071260542376e+05
4.520000000000000240e-07	1.053256971906442661e+06
4.530000000000000462e-07	1.109170979085719679e+06
4.540000000000000155e-07	1.125862633576449705e+06
4.550000000000000376e-07	1.121524120929194381e+06
4.560000000000000069e-07	1.088704305665010819e+06
4.570000000000000291e-07	1.041173950532678398e+06
4.580000000000000513e-07	9.710000174687119434e+05
4.590000000000000205e-07	9.082313503747711657e+05
4.600000000000000427e-07	8.500464200889100321e+05
4.610000000000000120e-07	8.066866181628528284e+05
4.620000000000000342e-07	7.769290720504071796e+05
4.630000000000000034e-07	7.595806473468968179e+05
4.640000000000000256e-07	7.529459728913828731e+05
4.650000000000000478e-07	7.495873139048393350e+05
4.660000000000000170e-07	7.599413591949578840e+05
4.670000000000000392e-07	7.618730222874589963e+05
4.680000000000000085e-07	7.558797325638352195e+05
4.690000000000000307e-07	7.487202827758669155e+05
4.700000000000000528e-07	7.331136156214644434e+05
4.710000000000000221e-07	7.091285026616838295e+05
4.720000000000000443e-07	6.780011691178324400e+05
4.730000000000000135e-07	6.498983345344868721e+05
4.740000000000000357e-07	6.235160327161501627e+05
4.750000000000000050e-07	5.977428705320070731e+05
4.760000000000000272e-07	5.789339860430856934e+05
4.770000000000000494e-07	5.729024045483227819e+05
4.780000000000000186e-07	5.710665864644089015e+05
4.789999999999999879e-07	5.691945923139307415e+05
4.800000000000000630e-07	5.805472875751052052e+05
4.810000000000000322e-07	5.893906977247095201e+05
4.820000000000000015e-07	6.003283402172756614e+05
4.830000000000000766e-07	6.220634496860674117e+05
4.840000000000000459e-07	6.350810399393419502e+05
4.850000000000000151e-07	6.535048222646823851e+05
4.859999999999999844e-07	6.706221715949791251e+05
4.870000000000000595e-07	6.823024601419131504e+05
4.880000000000000287e-07	6.997578331431521801e+05
4.889999999999999980e-07	7.158090454810541123e+05
4.900000000000000731e-07	7.251151074429858709e+05
4.910000000000000424e-07	7.424985488570805173e+05
4.920000000000000116e-07	7.607783220571273705e+05
4.929999999999999809e-07	7.765068773383782245e+05
4.940000000000000560e-07	7.959863616760900477e+05
4.950000000000000252e-07	8.156775914196723606e+05
4.959999999999999945e-07	8.379637544044413371e+05
4.970000000000000696e-07	8.551779459050347796e+05
4.980000000000000389e-07	8.773835878275963478e+05
4.990000000000000081e-07	8.941406030282975407e+05
5.000000000000000833e-07	9.179927890776816057e+05
5.010000000000000525e-07	9.316550581639941083e+05
5.020000000000000218e-07	9.512251525280702626e+05
5.029999999999999910e-07	9.687226909766652388e+05
5.040000000000000661e-07	9.835081045764058363e+05
5.050000000000000354e-07	1.000328666705445619e+06
5.060000000000000046e-07	1.019540537073732470e+06
5.070000000000000798e-07	1.031688213056308683e+06
5.080000000000000490e-07	1.044720131159992423e+06
5.090000000000000183e-07	1.056781150776573224e+06
5.099999999999999875e-07	1.066281430056365440e+06
5.110000000000000626e-07	1.084554127803740092e+06
5.120000000000000319e-07	1.096817426347036613e+06
5.130000000000000011e-07	1.112633885648143478e+06
5.140000000000000763e-07	1.122779294308778131e+06
5.150000000000000455e-07	1.147230317152203759e+06
5.160000000000000148e-07	1.153397823944976320e+06
5.169999999999999840e-07	1.162898312679793220e+06
5.180000000000000591e-07	1.181513719778547995e+06
5.190000000000000284e-07	1.199875732883665478e+06
5.199999999999999976e-07	1.216397871323665138e+06
5.210000000000000728e-07	1.234325489221504424e+06
5.220000000000000420e-07	1.246865324732923880e+06
5.230000000000000113e-07	1.264757039480187465e+06
5.239999999999999805e-07	1.281489304837267846e+06
5.250000000000000557e-07	1.300692739096980309e+06
5.260000000000000249e-07	1.319849595907816896e+06
5.269999999999999942e-07	1.340524855177432299e+06
5.280000000000000693e-07	1.358853762364907889e+06
5.290000000000000385e-07	1.380705415209569037e+06
5.300000000000000078e-07	1.399765567219115561e+06
5.310000000000000829e-07	1.424632423759697936e+06
5.320000000000000522e-07	1.447848728225100320e+06
5.330000000000000214e-07	1.468930680340088671e+06
5.339999999999999907e-07	1.492425355278210016e+06
5.350000000000000658e-07	1.510998168154370738e+06
5.360000000000000350e-07	1.530536055886260932e+06
5.370000000000000043e-07	1.550919668963945936e+06
5.380000000000000794e-07	1.574932501602846198e+06
5.390000000000000487e-07	1.598114028717278969e+06
5.400000000000000179e-07	1.614736425989153795e+06
5.409999999999999872e-07	1.642536957912001060e+06
5.420000000000000623e-07	1.661068247138669947e+06
5.430000000000000315e-07	1.678588351351575227e+06
5.440000000000000008e-07	1.698297605718823383e+06
5.450000000000000759e-07	1.716197853571192361e+06
5.460000000000000452e-07	1.739388948233407922e+06
5.470000000000000144e-07	1.762642850242871093e+06
5.479999999999999837e-07	1.773671454978032270e+06
5.490000000000000588e-07	1.783211066637029871e+06
5.500000000000000281e-07	1.791911927434868878e+06
5.509999999999999973e-07	1.810080812934714602e+06
5.520000000000000724e-07	1.814993632677780697e+06
5.530000000000000417e-07	1.823552630990545033e+06
5.540000000000000109e-07	1.826852516366415424e+06
5.550000000000000861e-07	1.836983159607862821e+06
5.560000000000000553e-07	1.845719534655366093e+06
5.570000000000000246e-07	1.845139006758354604e+06
5.579999999999999938e-07	1.851420989279731875e+06
5.590000000000000689e-07	1.843063178131263936e+06
5.600000000000000382e-07	1.849815797639633995e+06
5.610000000000000074e-07	1.850619275795491645e+06
5.620000000000000826e-07	1.840191921678288374e+06
5.630000000000000518e-07	1.831678096709112171e+06
5.640000000000000211e-07	1.835917563860230613e+06
5.649999999999999903e-07	1.830280085080146790e+06
5.660000000000000654e-07	1.830793592769166688e+06
5.670000000000000347e-07	1.821239240609259112e+06
5.680000000000000039e-07	1.814492021288034972e+06
5.690000000000000791e-07	1.808007223140515154e+06
5.700000000000000483e-07	1.797158673429567832e+06
5.710000000000000176e-07	1.792553507776120910e+06
5.719999999999999868e-07	1.784110278335853247e+06
5.730000000000000620e-07	1.782432082759878598e+06
5.740000000000000312e-07	1.775681219929094659e+06
5.750000000000000004e-07	1.773973956767448224e+06
5.760000000000000756e-07	1.763367407320024446e+06
5.770000000000000448e-07	1.762004194929198595e+06
5.780000000000000141e-07	1.750388085345992818e+06
5.789999999999999833e-07	1.760582625424787169e+06
5.800000000000000585e-07	1.752519674819821492e+06
5.810000000000000277e-07	1.749821244627864566e+06
5.819999999999999970e-07	1.753675416470287833e+06
5.830000000000000721e-07	1.764703932864171220e+06
5.840000000000000413e-07	1.762640562871353934e+06
5.850000000000000106e-07	1.774039343870333396e+06
5.860000000000000857e-07	1.784715913528092206e+06
5.870000000000000550e-07	1.797060411640885519e+06
5.880000000000000242e-07	1.808675779813098721e+06
5.889999999999999935e-07	1.822550553655974567e+06
5.900000000000000686e-07	1.842422128256581491e+06
5.910000000000000378e-07	1.861123075700191315e+06
5.920000000000000071e-07	1.886085615283149527e+06
5.930000000000000822e-07	1.916910054556471528e+06
5.940000000000000515e-07	1.941890655863370281e+06
5.950000000000000207e-07	1.969827818538577529e+06
5.959999999999999900e-07	2.000100124433795689e+06
5.970000000000000651e-07	2.039914934369270224e+06
5.980000000000000343e-07	2.072362434359945124e+06
5.990000000000000036e-07	2.117043172383890022e+06
6.000000000000000787e-07	2.155356960994458757e+06
6.010000000000000480e-07	2.201715731602215208e+06
6.020000000000000172e-07	2.245837808111916296e+06
6.029999999999999865e-07	2.288953838343626820e+06
6.040000000000000616e-07	2.332077428803828079e+06
6.050000000000000309e-07	2.391893297884991858e+06
6.060000000000000001e-07	2.434904259752893355e+06
6.070000000000000752e-07	2.502711837781346403e+06
6.080000000000000445e-07	2.553052705736025702e+06
6.090000000000000137e-07	2.614743568520240951e+06
6.100000000000000889e-07	2.673724637780875433e+06
6.110000000000000581e-07	2.725575393033486791e+06
6.120000000000000274e-07	2.778677082900739275e+06
6.129999999999999966e-07	2.843729857975714374e+06
6.140000000000000717e-07	2.896797959557794500e+06
6.150000000000000410e-07	2.958731692459624726e+06
6.160000000000000102e-07	3.020013786104766652e+06
6.170000000000000854e-07	3.071053564148941543e+06
6.180000000000000546e-07	3.131526229920882732e+06
6.190000000000000239e-07	3.188333332110897638e+06
6.199999999999999931e-07	3.244512489177297801e+06
6.210000000000000682e-07	3.299962800341945142e+06
6.220000000000000375e-07	3.355855884632726666e+06
6.230000000000000067e-07	3.401120717270249501e+06
6.240000000000000819e-07	3.451738930750413798e+06
6.250000000000000511e-07	3.489519547454826999e+06
6.260000000000000204e-07	3.541142385327563621e+06
6.269999999999999896e-07	3.590670718947968911e+06
6.280000000000000648e-07	3.638794976218065247e+06
6.290000000000000340e-07	3.657624543426722288e+06
6.300000000000000033e-07	3.703033361061772332e+06
6.310000000000000784e-07	3.733051167861641385e+06
6.320000000000000476e-07	3.762534278203960508e+06
6.330000000000000169e-07	3.791518994379882235e+06
6.340000000000000920e-07	3.814747144648079295e+06
6.350000000000000613e-07	3.841745254421148915e+06
6.360000000000000305e-07	3.862890427868770901e+06
6.369999999999999998e-07	3.890320157055302057e+06
6.380000000000000749e-07	3.903877198079922702e+06
6.390000000000000441e-07	3.918466022659624927e+06
6.400000000000000134e-07	3.936053739287430886e+06
6.410000000000000885e-07	3.946848378555946983e+06
6.420000000000000578e-07	3.950498702698201872e+06
6.430000000000000270e-07	3.949118310199164785e+06
6.439999999999999963e-07	3.965118469888071064e+06
6.450000000000000714e-07	3.974828369244946167e+06
6.460000000000000406e-07	3.983323666795135010e+06
6.470000000000000099e-07	3.985548338791450020e+06
6.480000000000000850e-07	3.994535523223229218e+06
6.490000000000000543e-07	3.999025997094498947e+06
6.500000000000000235e-07	4.004681897910924628e+06
6.509999999999999928e-07	4.023858420559216756e+06
6.520000000000000679e-07	4.017119751301686279e+06
6.530000000000000372e-07	4.038801299451407045e+06
6.540000000000000064e-07	4.026501920315870550e+06
6.550000000000000815e-07	4.034102214946938213e+06
6.560000000000000508e-07	4.047273681244396605e+06
6.570000000000000200e-07	4.056892035313927568e+06
6.579999999999999893e-07	4.074987818747042678e+06
6.590000000000000644e-07	4.090049073030593805e+06
6.600000000000000337e-07	4.094776359730639961e+06
6.610000000000000029e-07	4.097305690146751236e+06
6.620000000000000780e-07	4.128152051099475008e+06
6.630000000000000473e-07	4.140863417897205334e+06
6.640000000000000165e-07	4.164676391738972627e+06
6.650000000000000917e-07	4.180805370656140614e+06
6.660000000000000609e-07	4.203070442992810160e+06
6.670000000000000302e-07	4.236304511070001870e+06
6.679999999999999994e-07	4.253055353471824899e+06
6.690000000000000745e-07	4.292371002884170972e+06
6.700000000000000438e-07	4.322328296171441674e+06
6.710000000000000130e-07	4.347937381745384075e+06
6.720000000000000882e-07	4.383505139765267260e+06
6.730000000000000574e-07	4.423733583929006010e+06
6.740000000000000267e-07	4.464752649442338385e+06
6.749999999999999959e-07	4.511204074067542329e+06
6.760000000000000711e-07	4.549124286185720004e+06
6.770000000000000403e-07	4.601041106253741309e+06
6.780000000000000096e-07	4.647971854295709170e+06
6.790000000000000847e-07	4.690873587715126574e+06
6.800000000000000539e-07	4.734688833660126664e+06
6.810000000000000232e-07	4.792770980165713467e+06
6.819999999999999924e-07	4.839017425643832423e+06
6.830000000000000676e-07	4.892351983924219385e+06
6.840000000000000368e-07	4.933688364751460031e+06
6.850000000000000061e-07	4.993372494476042688e+06
6.860000000000000812e-07	5.032792684894236736e+06
6.870000000000000504e-07	5.083847426579366438e+06
6.880000000000000197e-07	5.129008563309499063e+06
6.890000000000000948e-07	5.173777039257495664e+06
6.900000000000000641e-07	5.230284142411656678e+06
6.910000000000000333e-07	5.337701492051886395e+06
6.920000000000000026e-07	5.498151856746360660e+06
6.930000000000000777e-07	5.650391863376030698e+06
6.940000000000000469e-07	5.713153868051467463e+06
6.950000000000000162e-07	5.640908674442042597e+06
6.960000000000000913e-07	5.544443629673506133e+06
6.970000000000000606e-07	5.482314649861242622e+06
6.980000000000000298e-07	5.471443618981934153e+06
6.989999999999999991e-07	5.462279662631263956e+06
7.000000000000000742e-07	5.473360921332074329e+06
7.010000000000000435e-07	5.474783908511204645e+06
7.020000000000000127e-07	5.480856714768645354e+06
7.030000000000000878e-07	5.476353274225645699e+06
7.040000000000000571e-07	5.492940105575287715e+06
7.050000000000000263e-07	5.479820857915799133e+06
7.059999999999999956e-07	5.474056893599220552e+06
7.070000000000000707e-07	5.454588604482036084e+06
7.080000000000000400e-07	5.431389924972074106e+06
7.090000000000000092e-07	5.419579231928868219e+06
7.100000000000000843e-07	5.397774100630438887e+06
7.110000000000000536e-07	5.364671279151955619e+06
7.120000000000000228e-07	5.349961935788982548e+06
7.129999999999999921e-07	5.307130641823687591e+06
7.140000000000000672e-07	5.282799057358306833e+06
7.150000000000000365e-07	5.228549420411688276e+06
7.160000000000000057e-07	5.182081027990321629e+06
7.170000000000000808e-07	5.138859325270568952e+06
7.180000000000000501e-07	5.086231302649331279e+06
7.190000000000000193e-07	5.022902889152579941e+06
7.200000000000000945e-07	4.978002418245072477e+06
7.210000000000000637e-07	4.910146781547433697e+06
7.220000000000000330e-07	4.859765283937739208e+06
7.230000000000000022e-07	4.811093726592287421e+06
7.240000000000000774e-07	4.749191975202898495e+06
7.250000000000000466e-07	4.691497291725027375e+06
7.260000000000000159e-07	4.621822582596366294e+06
7.270000000000000910e-07	4.562837179749938659e+06
7.280000000000000602e-07	4.507037103156449273e+06
7.290000000000000295e-07	4.427393125758243725e+06
7.299999999999999987e-07	4.362498530216192827e+06
7.310000000000000739e-07	4.282420198551064357e+06
7.320000000000000431e-07	4.217394925362817012e+06
7.330000000000000124e-07	4.151432753571109381e+06
7.340000000000000875e-07	4.077529626472934149e+06
7.350000000000000567e-07	4.013223936939537060e+06
7.360000000000000260e-07	3.938630690588802565e+06
7.369999999999999952e-07	3.865905810954604764e+06
7.380000000000000704e-07	3.789120640023871791e+06
7.390000000000000396e-07	3.722449059884951450e+06
7.400000000000000089e-07	3.646132271285593510e+06
7.410000000000000840e-07	3.577915996960702352e+06
7.420000000000000532e-07	3.511479183400257956e+06
7.430000000000000225e-07	3.433343362005423289e+06
7.440000000000000976e-07	3.371534128096144181e+06
7.450000000000000669e-07	3.298549425278550480e+06
7.460000000000000361e-07	3.235045767587819137e+06
7.470000000000000054e-07	3.175293078595373780e+06
7.480000000000000805e-07	3.105483424343847670e+06
7.490000000000000498e-07	3.038698983298821840e+06
7.500000000000000190e-07	2.978198792995526921e+06
7.510000000000000941e-07	2.926814803821631707e+06
7.520000000000000634e-07	2.850712420659920666e+06
7.530000000000000326e-07	2.780820727734061424e+06
7.540000000000000019e-07	2.731380579405304510e+06
7.550000000000000770e-07	2.663581092884039506e+06
7.560000000000000463e-07	2.604671907630644273e+06
7.570000000000000155e-07	2.533022869274873752e+06
7.580000000000000906e-07	2.482735977115740534e+06
7.590000000000000599e-07	2.424604482640196569e+06
7.600000000000000291e-07	2.370440559564695228e+06
7.609999999999999984e-07	2.311359051424626261e+06
7.620000000000000735e-07	2.266798082733544055e+06
7.630000000000000428e-07	2.201373661262277514e+06
7.640000000000000120e-07	2.153087083874535281e+06
7.650000000000000871e-07	2.096295840767690446e+06
7.660000000000000564e-07	2.039179142201190814e+06
7.670000000000000256e-07	1.988850605233529350e+06
7.680000000000001008e-07	1.939416605476771714e+06
7.690000000000000700e-07	1.889658151473955018e+06
7.700000000000000393e-07	1.843417407856641570e+06
7.710000000000000085e-07	1.805114492078409763e+06
7.720000000000000837e-07	1.756658346659236820e+06
7.730000000000000529e-07	1.703360739948023576e+06
7.740000000000000221e-07	1.672052158439182676e+06
7.750000000000000973e-07	1.613882613635358633e+06
7.760000000000000665e-07	1.573691535804759711e+06
7.770000000000000358e-07	1.540285082552492153e+06
7.780000000000000050e-07	1.491420684452382149e+06
7.790000000000000802e-07	1.451090879129778827e+06
7.800000000000000494e-07	1.407629091222794959e+06
7.810000000000000187e-07	1.375786229395803064e+06
7.820000000000000938e-07	1.337613069061421556e+06
7.830000000000000630e-07	1.304837353080736473e+06
7.840000000000000323e-07	1.272227556299178861e+06
7.850000000000000015e-07	1.233569698748959228e+06
7.860000000000000767e-07	1.200776702858511358e+06
7.870000000000000459e-07	1.169584936040496686e+06
7.880000000000000152e-07	1.137932698206129950e+06
7.890000000000000903e-07	1.101377444563686149e+06
7.900000000000000595e-07	1.068139456171491649e+06
7.910000000000000288e-07	1.040953295187502517e+06
7.919999999999999980e-07	1.012736397558223107e+06
7.930000000000000732e-07	9.825534702659491450e+05
7.940000000000000424e-07	9.544234038298502564e+05
7.950000000000000117e-07	9.320249750610119663e+05
7.960000000000000868e-07	9.066014060281856218e+05
7.970000000000000560e-07	8.829353285414450802e+05
7.980000000000000253e-07	8.541955933009271976e+05
7.990000000000001004e-07	8.274133491949711461e+05
8.000000000000000697e-07	8.093871897089154227e+05
8.010000000000000389e-07	7.812975869759328198e+05
8.020000000000000082e-07	7.659237514993742807e+05
8.030000000000000833e-07	7.427308157110329485e+05
8.040000000000000526e-07	7.212504804867117200e+05
8.050000000000000218e-07	6.966584502476447960e+05
8.060000000000000969e-07	6.763731263628451852e+05
8.070000000000000662e-07	6.629093265688872198e+05
8.080000000000000354e-07	6.465355425426411675e+05
8.090000000000000047e-07	6.240466446837495314e+05
8.100000000000000798e-07	6.034344423673858400e+05
8.110000000000000491e-07	5.875466550856988179e+05
8.120000000000000183e-07	5.687720198150208453e+05
8.130000000000000934e-07	5.541397410746092210e+05
8.140000000000000627e-07	5.390211946465502260e+05
8.150000000000000319e-07	5.264406107608341845e+05
8.160000000000000012e-07	5.076662055763063254e+05
8.170000000000000763e-07	4.977338043936229660e+05
8.180000000000000456e-07	4.807324838771698996e+05
8.190000000000000148e-07	4.666676137018952286e+05
8.200000000000000899e-07	4.513812906532158959e+05
8.210000000000000592e-07	4.396496321897137095e+05
8.220000000000000284e-07	4.343251688800496631e+05
8.230000000000001036e-07	4.191695745747754700e+05
8.240000000000000728e-07	4.043929206841833657e+05
8.250000000000000421e-07	3.948525885270073777e+05
8.260000000000000113e-07	3.804926859473594232e+05
8.270000000000000865e-07	3.676431693170034559e+05
8.280000000000000557e-07	3.612027564563213964e+05
8.290000000000000250e-07	3.511318632570694317e+05
8.300000000000001001e-07	3.406576131313415244e+05
8.310000000000000693e-07	3.301929112568118726e+05
8.320000000000000386e-07	3.248768844416440115e+05
8.330000000000000078e-07	3.131821429014077294e+05
8.340000000000000830e-07	3.050331850647519459e+05
8.350000000000000522e-07	2.921450241695248988e+05
8.360000000000000215e-07	2.899744240764678107e+05
8.370000000000000966e-07	2.814952615884148399e+05
8.380000000000000658e-07	2.719332092959584552e+05
8.390000000000000351e-07	2.680564489900372573e+05
8.400000000000000043e-07	2.567099830418282654e+05
8.410000000000000795e-07	2.506050308605006139e+05
8.420000000000000487e-07	2.416416014509967063e+05
8.430000000000000180e-07	2.359137985679328558e+05
8.440000000000000931e-07	2.279089598826980218e+05
8.450000000000000623e-07	2.217718970810189203e+05
8.460000000000000316e-07	2.169302198416241154e+05
8.470000000000000008e-07	2.099934224609748635e+05
8.480000000000000760e-07	2.021855673873435007e+05
8.490000000000000452e-07	1.970311202804443601e+05
8.500000000000000145e-07	1.923462178152432607e+05
8.510000000000000896e-07	1.884405904963490902e+05
8.520000000000000589e-07	1.816619607370110461e+05
8.530000000000000281e-07	1.740670438316616637e+05
8.540000000000001032e-07	1.728343005946755875e+05
8.550000000000000725e-07	1.677593020971172373e+05
8.560000000000000417e-07	1.628996635375480109e+05
8.570000000000000110e-07	1.588407678756305249e+05
8.580000000000000861e-07	1.549363605531840585e+05
8.590000000000000554e-07	1.495134873301244806e+05
8.600000000000000246e-07	1.469967066249341296e+05
8.610000000000000997e-07	1.442393153202026151e+05
8.620000000000000690e-07	1.403528968336570833e+05
8.630000000000000382e-07	1.333640834766174958e+05
8.640000000000000075e-07	1.297878296827834711e+05
8.650000000000000826e-07	1.253192076702347549e+05
8.660000000000000519e-07	1.222034320709068706e+05
8.670000000000000211e-07	1.181113050788420951e+05
8.680000000000000962e-07	1.143216999971332407e+05
8.690000000000000655e-07	1.121162697962899401e+05
8.700000000000000347e-07	1.088233964839779946e+05
8.710000000000000040e-07	1.054934434988676512e+05
8.720000000000000791e-07	1.025332409519560169e+05
8.730000000000000484e-07	1.003380917535318586e+05
8.740000000000000176e-07	9.751520206184247218e+04
8.750000000000000928e-07	9.342091529480811732e+04
8.760000000000000620e-07	9.366047179006943770e+04
8.770000000000000313e-07	8.962871125861618202e+04
8.780000000000001064e-07	8.781310200548078865e+04
8.790000000000000756e-07	8.500061280792141042e+04
8.800000000000000449e-07	8.469380994194223604e+04
8.810000000000000141e-07	8.227633645492674259e+04
8.820000000000000893e-07	7.842722110302496003e+04
8.830000000000000585e-07	7.818090488173686026e+04
8.840000000000000278e-07	7.512705823448207229e+04
8.850000000000001029e-07	7.350713710898662976e+04
8.860000000000000721e-07	7.059306940206236322e+04
8.870000000000000414e-07	6.873957886890553345e+04
8.880000000000000106e-07	6.877624130377982510e+04
8.890000000000000858e-07	6.578675227234771592e+04
8.900000000000000550e-07	6.646013546713891265e+04
8.910000000000000243e-07	6.362207207461354119e+04
8.920000000000000994e-07	6.175270260058117856e+04
8.930000000000000686e-07	6.313265189221061155e+04
8.940000000000000379e-07	5.972968916538463236e+04
8.950000000000000071e-07	5.499171092838075128e+04
8.960000000000000823e-07	5.318187433144415991e+04
8.970000000000000515e-07	5.301634277294515778e+04
8.980000000000000208e-07	5.148095864340056869e+04
8.990000000000000959e-07	5.049883153977364418e+04
9.000000000000000652e-07	4.876284878787804337e+04
9.010000000000000344e-07	4.794144160670439305e+04
9.020000000000000037e-07	4.669212084415424033e+04
9.030000000000000788e-07	4.621804900035235187e+04
9.040000000000000480e-07	4.377291715124469920e+04
9.050000000000000173e-07	4.094445656312889332e+04
9.060000000000000924e-07	4.153539026090497646e+04
9.070000000000000617e-07	3.892884378308813757e+04
9.080000000000000309e-07	3.895916342743251880e+04
9.090000000000001060e-07	3.931649161723211000e+04
9.100000000000000753e-07	3.690600164044307894e+04
9.110000000000000445e-07	3.591988702863830258e+04
9.120000000000000138e-07	3.582386997308502760e+04
9.130000000000000889e-07	3.435988418713473948e+04
9.140000000000000582e-07	3.421789953399037040e+04
9.150000000000000274e-07	3.279510479727330676e+04
9.160000000000001025e-07	3.252329068689784617e+04
9.170000000000000718e-07	3.029656862386968351e+04
9.180000000000000410e-07	2.952106360643171865e+04
9.190000000000000103e-07	3.049521182296481857e+04
9.200000000000000854e-07	2.999234094102977178e+04
9.210000000000000547e-07	3.080762475283347521e+04
9.220000000000000239e-07	2.662971616606649332e+04
9.230000000000000991e-07	2.615949434420350372e+04
9.240000000000000683e-07	2.687874871620365593e+04
9.250000000000000376e-07	2.686592828562422073e+04
9.260000000000000068e-07	2.717625618396433129e+04
9.270000000000000819e-07	2.553362966008020521e+04
9.280000000000000512e-07	2.303077924402133795e+04
9.290000000000000204e-07	2.444365891624986034e+04
9.300000000000000956e-07	2.433295117690218103e+04
9.310000000000000648e-07	2.346493059842191360e+04
9.320000000000000341e-07	2.192594982521212660e+04
9.330000000000001092e-07	2.106156957040983980e+04
9.340000000000000784e-07	2.122645792252300089e+04
9.350000000000000477e-07	2.222158870347521952e+04
9.360000000000000169e-07	2.053474136502440524e+04
9.370000000000000921e-07	2.137870812655389818e+04
9.380000000000000613e-07	2.464933864596779677e+04
9.390000000000000306e-07	1.925522846913538524e+04
9.400000000000001057e-07	1.991036358182524054e+04
9.410000000000000749e-07	2.307174624143289111e+04
9.420000000000000442e-07	2.254277342333061097e+04
9.430000000000000134e-07	1.897698611166227420e+04
9.440000000000000886e-07	2.529038665840567774e+04
9.450000000000000578e-07	2.110924294025588824e+04
9.460000000000000271e-07	1.882067024042982666e+04
9.470000000000001022e-07	1.596447876767578418e+04
9.480000000000000715e-07	2.054201051750491388e+04
9.490000000000000407e-07	1.691838170599433579e+04
9.500000000000000100e-07	1.741175688747852837e+04
9.510000000000000851e-07	1.755407816005578934e+04
9.520000000000000543e-07	2.015654508234942114e+04
9.530000000000000236e-07	1.610041745117654682e+04
9.540000000000000987e-07	1.583257041256992125e+04
9.549999999999999621e-07	1.682316168519349958e+04
9.560000000000000372e-07	1.612059294761486854e+04
9.570000000000001123e-07	1.491283469558000070e+04
9.579999999999999757e-07	1.346199266464746688e+04
9.590000000000000508e-07	1.729772937290274422e+04
9.600000000000001260e-07	1.460142837955179493e+04
9.609999999999999893e-07	1.368239202408996971e+04
9.620000000000000645e-07	1.512755936249455226e+04
9.630000000000001396e-07	1.306668130225691675e+04
9.640000000000000030e-07	1.232244829655531248e+04
9.650000000000000781e-07	1.157661801346154425e+04
9.660000000000001532e-07	1.081061978463161722e+04
9.670000000000000166e-07	1.121233485476960050e+04
9.680000000000000917e-07	1.218905758535968198e+04
9.689999999999999551e-07	1.585614981852212986e+04
9.700000000000000302e-07	1.277432563788679909e+04
9.710000000000001053e-07	1.388756212529622644e+04
9.719999999999999687e-07	8.840616689610611502e+03
9.730000000000000438e-07	1.302097042492581386e+04
9.740000000000001190e-07	1.260424732716667313e+04
9.749999999999999823e-07	9.489974164733326688e+03
9.760000000000000575e-07	1.299445517755095170e+04
9.770000000000001326e-07	1.093668230915010281e+04
9.779999999999999960e-07	9.595785471916016832e+03
9.790000000000000711e-07	8.778244775960711195e+03
9.800000000000001462e-07	7.115239555781347008e+03
9.810000000000000096e-07	9.127263476414376782e+03
9.820000000000000847e-07	7.805836725619425124e+03
9.830000000000001599e-07	8.570589459558261296e+03
9.840000000000000232e-07	4.298401218436591989e+03
9.850000000000000984e-07	9.062667498248594711e+03
9.859999999999999617e-07	8.276210068401436729e+03
9.870000000000000369e-07	6.860609067439413593e+03
9.880000000000001120e-07	9.339293733437069022e+03
9.889999999999999754e-07	1.049611642657354423e+04
9.900000000000000505e-07	8.331618159001529420e+03
9.910000000000001256e-07	9.925895387677355757e+03
9.919999999999999890e-07	9.072079476708024231e+03
9.930000000000000641e-07	4.826696137978900879e+03
9.940000000000001392e-07	8.346997248000303443e+03
9.950000000000000026e-07	7.891482938333869242e+03
9.960000000000000777e-07	7.631136144393682116e+03
9.970000000000001529e-07	9.294532865660834432e+03
9.980000000000000162e-07	8.143712571522079998e+03
9.990000000000000914e-07	8.944192726312843661e+03
