lambda	I
3.000000000000000394e-07	9.152197002954749041e+04
3.010000000000000086e-07	7.888947562829588423e+04
3.020000000000000308e-07	1.014786453602591646e+05
3.030000000000000001e-07	9.380479790848026460e+04
3.040000000000000222e-07	8.031623308624379570e+04
3.050000000000000444e-07	7.251428230940585490e+04
3.060000000000000137e-07	8.152602041387822828e+04
3.070000000000000359e-07	8.770939449674390198e+04
3.080000000000000051e-07	8.700614586826528830e+04
3.090000000000000273e-07	6.190551401291003276e+04
3.099999999999999966e-07	7.335499868693343888e+04
3.110000000000000187e-07	9.334829615165860741e+04
3.120000000000000409e-07	6.967416988373878121e+04
3.130000000000000102e-07	7.743164347581908805e+04
3.140000000000000324e-07	7.277794424575541052e+04
3.150000000000000016e-07	8.994072902633194462e+04
3.160000000000000238e-07	7.446717109595719376e+04
3.170000000000000460e-07	7.606518105389356788e+04
3.180000000000000153e-07	9.110120271610883356e+04
3.190000000000000374e-07	7.056557321137463441e+04
3.200000000000000067e-07	6.704143158607915393e+04
3.210000000000000289e-07	6.867072942732542288e+04
3.219999999999999981e-07	8.925365277355151193e+04
3.230000000000000203e-07	7.461829711052576022e+04
3.240000000000000425e-07	6.767886890357799712e+04
3.250000000000000118e-07	7.443082108828854689e+04
3.260000000000000340e-07	7.041210342895738722e+04
3.270000000000000032e-07	7.063422618332208367e+04
3.280000000000000254e-07	6.158462785272784095e+04
3.289999999999999946e-07	7.934136886619230791e+04
3.300000000000000168e-07	8.098630347167147556e+04
3.310000000000000390e-07	8.754175816555143683e+04
3.320000000000000083e-07	8.190664129995825351e+04
3.330000000000000305e-07	8.693552804721651773e+04
3.339999999999999997e-07	7.834298543796116428e+04
3.350000000000000219e-07	7.984330106118768163e+04
3.360000000000000441e-07	7.543659477877369500e+04
3.370000000000000133e-07	7.719582333498400112e+04
3.380000000000000355e-07	6.705114654429611983e+04
3.390000000000000048e-07	7.115064629244718526e+04
3.400000000000000270e-07	7.053282242239998595e+04
3.409999999999999962e-07	5.688506473642453057e+04
3.420000000000000184e-07	7.034598356882980443e+04
3.430000000000000406e-07	6.601628469867308741e+04
3.440000000000000098e-07	7.153048586086998694e+04
3.450000000000000320e-07	6.404521496810092503e+04
3.460000000000000013e-07	7.772309926274282043e+04
3.470000000000000235e-07	7.299066772703068273e+04
3.480000000000000457e-07	6.577182745718100341e+04
3.490000000000000149e-07	5.774007446640249691e+04
3.500000000000000371e-07	6.472915120246463630e+04
3.510000000000000064e-07	7.397407086675452592e+04
3.520000000000000285e-07	7.473112790352542652e+04
3.529999999999999978e-07	8.119339131900754001e+04
3.540000000000000200e-07	6.131016027905140800e+04
3.550000000000000422e-07	6.220699234974710271e+04
3.560000000000000114e-07	6.637735235902010754e+04
3.570000000000000336e-07	7.288765293761465000e+04
3.580000000000000029e-07	6.568274415971395501e+04
3.590000000000000250e-07	7.111718159158497292e+04
3.600000000000000472e-07	6.840194564565308974e+04
3.610000000000000165e-07	5.819714171073527541e+04
3.620000000000000387e-07	7.116249080801452510e+04
3.630000000000000079e-07	8.023634825480832660e+04
3.640000000000000301e-07	7.174910965453791141e+04
3.649999999999999994e-07	7.015637221861262515e+04
3.660000000000000216e-07	5.955177804943342198e+04
3.670000000000000437e-07	7.522086361680264235e+04
3.680000000000000130e-07	6.177821602600727056e+04
3.690000000000000352e-07	6.969844479861285072e+04
3.700000000000000044e-07	6.625446317979604646e+04
3.710000000000000266e-07	6.565166259754932253e+04
3.720000000000000488e-07	6.083118158758695063e+04
3.730000000000000181e-07	6.984013190332837985e+04
3.740000000000000403e-07	6.248395327406937577e+04
3.750000000000000095e-07	6.628504310228778922e+04
3.760000000000000317e-07	7.543599718820830458e+04
3.770000000000000009e-07	5.429881325262275641e+04
3.780000000000000231e-07	6.501216054379034904e+04
3.790000000000000453e-07	6.554938875351597380e+04
3.800000000000000146e-07	5.680931320529360528e+04
3.810000000000000368e-07	5.144629571193810261e+04
3.820000000000000060e-07	5.213543835408094310e+04
3.830000000000000282e-07	6.190179137431154231e+04
3.840000000000000504e-07	6.120927285604692588e+04
3.850000000000000196e-07	5.967999003124809678e+04
3.860000000000000418e-07	5.381282179945197277e+04
3.870000000000000111e-07	6.305859165843301162e+04
3.880000000000000333e-07	6.162776602037248085e+04
3.890000000000000025e-07	6.635877463296310452e+04
3.900000000000000247e-07	6.318273986853619135e+04
3.910000000000000469e-07	5.231578208079152682e+04
3.920000000000000161e-07	5.809500052582820354e+04
3.930000000000000383e-07	6.362831563283642754e+04
3.940000000000000076e-07	6.869035806453775149e+04
3.950000000000000298e-07	7.079533057632151758e+04
3.959999999999999990e-07	6.323838867887472588e+04
3.970000000000000212e-07	7.767162461572716711e+04
3.980000000000000434e-07	6.657245317632330989e+04
3.990000000000000126e-07	6.529986252292203426e+04
4.000000000000000348e-07	6.527661998630595190e+04
4.010000000000000041e-07	7.231263887301394425e+04
4.020000000000000263e-07	6.392502882783293899e+04
4.030000000000000485e-07	7.525530756433773786e+04
4.040000000000000177e-07	6.956199938782535901e+04
4.050000000000000399e-07	7.490889158867715742e+04
4.060000000000000092e-07	8.454678145280655008e+04
4.070000000000000313e-07	8.947821047204449133e+04
4.080000000000000006e-07	8.673572234538459452e+04
4.090000000000000228e-07	8.465576130615713191e+04
4.100000000000000450e-07	9.674607412052499421e+04
4.110000000000000142e-07	1.141222433005879866e+05
4.120000000000000364e-07	1.162199320029363589e+05
4.130000000000000057e-07	1.223248872649650730e+05
4.140000000000000279e-07	1.282118001824399835e+05
4.150000000000000500e-07	1.412449395825519168e+05
4.160000000000000193e-07	1.485878512374304701e+05
4.170000000000000415e-07	1.742500705130771676e+05
4.180000000000000107e-07	1.960742211090309138e+05
4.190000000000000329e-07	2.055389942955088627e+05
4.200000000000000022e-07	2.477162800675108447e+05
4.210000000000000244e-07	2.700700725879337988e+05
4.220000000000000465e-07	3.086929813637383049e+05
4.230000000000000158e-07	3.388255756837350782e+05
4.240000000000000380e-07	3.855898900229999563e+05
4.250000000000000072e-07	4.501001469104303978e+05
4.260000000000000294e-07	5.017032273341239197e+05
4.270000000000000516e-07	5.502582885596194537e+05
4.280000000000000209e-07	6.328903643153983867e+05
4.290000000000000431e-07	6.850116161652416922e+05
4.300000000000000123e-07	7.843803009867883520e+05
4.310000000000000345e-07	8.860462860798130278e+05
4.320000000000000037e-07	9.806369236308375839e+05
4.330000000000000259e-07	1.054469447469767882e+06
4.340000000000000481e-07	1.161574644878859399e+06
4.350000000000000174e-07	1.269639007219586987e+06
4.360000000000000396e-07	1.421185688184309984e+06
4.370000000000000088e-07	1.555263690824227640e+06
4.380000000000000310e-07	1.733217928926242981e+06
4.390000000000000532e-07	1.919824762835777132e+06
4.400000000000000224e-07	2.159574890980806202e+06
4.410000000000000446e-07	2.447578769187768456e+06
4.420000000000000139e-07	2.856512950968335848e+06
4.430000000000000361e-07	3.312266611773799639e+06
4.440000000000000053e-07	3.853418236073378939e+06
4.450000000000000275e-07	4.476130108845296316e+06
4.460000000000000497e-07	5.182304855677546933e+06
4.470000000000000189e-07	5.964874054587088525e+06
4.480000000000000411e-07	6.764993258531104773e+06
4.490000000000000104e-07	7.574659996397195384e+06
4.500000000000000326e-07	8.332913586339931935e+06
4.510000000000000018e-07	8.920336309908425435e+06
4.520000000000000240e-07	9.418108139782283455e+06
4.530000000000000462e-07	9.697167562342507765e+06
4.540000000000000155e-07	9.641819925463926047e+06
4.550000000000000376e-07	9.497273220042686909e+06
4.560000000000000069e-07	9.141435418692626059e+06
4.570000000000000291e-07	8.638752946125984192e+06
4.580000000000000513e-07	8.194251027164173312e+06
4.590000000000000205e-07	7.646695747357976623e+06
4.600000000000000427e-07	7.208780916753192432e+06
4.610000000000000120e-07	6.922005096495711245e+06
4.620000000000000342e-07	6.772945428561024368e+06
4.630000000000000034e-07	6.693846389556095004e+06
4.640000000000000256e-07	6.660524321059323847e+06
4.650000000000000478e-07	6.655122394447030500e+06
4.660000000000000170e-07	6.638830675465154462e+06
4.670000000000000392e-07	6.645337940690585412e+06
4.680000000000000085e-07	6.544673093348475173e+06
4.690000000000000307e-07	6.432362325424485840e+06
4.700000000000000528e-07	6.236621460652533919e+06
4.710000000000000221e-07	6.014680833810462616e+06
4.720000000000000443e-07	5.796383089194724336e+06
4.730000000000000135e-07	5.581746484432636760e+06
4.740000000000000357e-07	5.338867350860796869e+06
4.750000000000000050e-07	5.174753344898988493e+06
4.760000000000000272e-07	5.099955581755283289e+06
4.770000000000000494e-07	5.028453917626105249e+06
4.780000000000000186e-07	5.022195144208095968e+06
4.789999999999999879e-07	5.116522154954584315e+06
4.800000000000000630e-07	5.202233605734593235e+06
4.810000000000000322e-07	5.318939508170243353e+06
4.820000000000000015e-07	5.449094865430317819e+06
4.830000000000000766e-07	5.595047887196800672e+06
4.840000000000000459e-07	5.751876956494948827e+06
4.850000000000000151e-07	5.948183387571996078e+06
4.859999999999999844e-07	6.027244482421163470e+06
4.870000000000000595e-07	6.202419940026119351e+06
4.880000000000000287e-07	6.344072113218545914e+06
4.889999999999999980e-07	6.492299094719321467e+06
4.900000000000000731e-07	6.619076667051751167e+06
4.910000000000000424e-07	6.783991205240784213e+06
4.920000000000000116e-07	6.939437828722841106e+06
4.929999999999999809e-07	7.154529194450448267e+06
4.940000000000000560e-07	7.376036338004203513e+06
4.950000000000000252e-07	7.559902808957129717e+06
4.959999999999999945e-07	7.731517937647249550e+06
4.970000000000000696e-07	7.934717683593432419e+06
4.980000000000000389e-07	8.151420379607365467e+06
4.990000000000000081e-07	8.311789574261213653e+06
5.000000000000000833e-07	8.510909961245954037e+06
5.010000000000000525e-07	8.670999651085844263e+06
5.020000000000000218e-07	8.785675954099917784e+06
5.029999999999999910e-07	9.039493217399701476e+06
5.040000000000000661e-07	9.126070345580823720e+06
5.050000000000000354e-07	9.273843357818018645e+06
5.060000000000000046e-07	9.419281254707001150e+06
5.070000000000000798e-07	9.568179280731020495e+06
5.080000000000000490e-07	9.743087201696485281e+06
5.090000000000000183e-07	9.867996473036011681e+06
5.099999999999999875e-07	9.952408329744772986e+06
5.110000000000000626e-07	1.012900190861323103e+07
5.120000000000000319e-07	1.026302930506064743e+07
5.130000000000000011e-07	1.042338026042350568e+07
5.140000000000000763e-07	1.057210033027783409e+07
5.150000000000000455e-07	1.070010315554013662e+07
5.160000000000000148e-07	1.086778199221220985e+07
5.169999999999999840e-07	1.094818075859861076e+07
5.180000000000000591e-07	1.100553902637088299e+07
5.190000000000000284e-07	1.126921029128981940e+07
5.199999999999999976e-07	1.139909724900638312e+07
5.210000000000000728e-07	1.155501171432769299e+07
5.220000000000000420e-07	1.164763309583659843e+07
5.230000000000000113e-07	1.187783673365221359e+07
5.239999999999999805e-07	1.199160119604873471e+07
5.250000000000000557e-07	1.218249816031867079e+07
5.260000000000000249e-07	1.237127071417730860e+07
5.269999999999999942e-07	1.254298204269749857e+07
5.280000000000000693e-07	1.278109491130480357e+07
5.290000000000000385e-07	1.293785503079247475e+07
5.300000000000000078e-07	1.308478914255265333e+07
5.310000000000000829e-07	1.335360878651543893e+07
5.320000000000000522e-07	1.357555210815353692e+07
5.330000000000000214e-07	1.376281759682155959e+07
5.339999999999999907e-07	1.396024303560582362e+07
5.350000000000000658e-07	1.417597245658637956e+07
5.360000000000000350e-07	1.439985565092354640e+07
5.370000000000000043e-07	1.457608111997469515e+07
5.380000000000000794e-07	1.478717260116345622e+07
5.390000000000000487e-07	1.496238939248926938e+07
5.400000000000000179e-07	1.523434758145643026e+07
5.409999999999999872e-07	1.541622004515731148e+07
5.420000000000000623e-07	1.563410475581740774e+07
5.430000000000000315e-07	1.573336050318747573e+07
5.440000000000000008e-07	1.594460963895579241e+07
5.450000000000000759e-07	1.615550847998514399e+07
5.460000000000000452e-07	1.634818061156437173e+07
5.470000000000000144e-07	1.645030108309926465e+07
5.479999999999999837e-07	1.663797391533850320e+07
5.490000000000000588e-07	1.675513223286523297e+07
5.500000000000000281e-07	1.684531357783561945e+07
5.509999999999999973e-07	1.701311699874055013e+07
5.520000000000000724e-07	1.714819122217807919e+07
5.530000000000000417e-07	1.714802357836513966e+07
5.540000000000000109e-07	1.719132053287322074e+07
5.550000000000000861e-07	1.730067280272419751e+07
5.560000000000000553e-07	1.743180320186947286e+07
5.570000000000000246e-07	1.739818441019072011e+07
5.579999999999999938e-07	1.742660233936903626e+07
5.590000000000000689e-07	1.741058407240981236e+07
5.600000000000000382e-07	1.740587757372637838e+07
5.610000000000000074e-07	1.734895644957627356e+07
5.620000000000000826e-07	1.735976270201833174e+07
5.630000000000000518e-07	1.743890915970437974e+07
5.640000000000000211e-07	1.732765686974630877e+07
5.649999999999999903e-07	1.725512483876712620e+07
5.660000000000000654e-07	1.716532766359900311e+07
5.670000000000000347e-07	1.718411207567016780e+07
5.680000000000000039e-07	1.713078759227434918e+07
5.690000000000000791e-07	1.704191920098521188e+07
5.700000000000000483e-07	1.693227543467185274e+07
5.710000000000000176e-07	1.694257335487016290e+07
5.719999999999999868e-07	1.680643690500182658e+07
5.730000000000000620e-07	1.676889360383522883e+07
5.740000000000000312e-07	1.669865124891113304e+07
5.750000000000000004e-07	1.669877401761769131e+07
5.760000000000000756e-07	1.662279638129715249e+07
5.770000000000000448e-07	1.651067524381550401e+07
5.780000000000000141e-07	1.646801799882341363e+07
5.789999999999999833e-07	1.654395215870548598e+07
5.800000000000000585e-07	1.652862253046650440e+07
5.810000000000000277e-07	1.657738879929723777e+07
5.819999999999999970e-07	1.658165801826279052e+07
5.830000000000000721e-07	1.661232846671475284e+07
5.840000000000000413e-07	1.666327831986273080e+07
5.850000000000000106e-07	1.675939920945666172e+07
5.860000000000000857e-07	1.685917933010210097e+07
5.870000000000000550e-07	1.698764084878444672e+07
5.880000000000000242e-07	1.710662517565890029e+07
5.889999999999999935e-07	1.723549831171797216e+07
5.900000000000000686e-07	1.738250359241261333e+07
5.910000000000000378e-07	1.757921944049023837e+07
5.920000000000000071e-07	1.785288437257764116e+07
5.930000000000000822e-07	1.806972190252682939e+07
5.940000000000000515e-07	1.823309124697202444e+07
5.950000000000000207e-07	1.860431832010398060e+07
5.959999999999999900e-07	1.890422735385444015e+07
5.970000000000000651e-07	1.923122684892173856e+07
5.980000000000000343e-07	1.959560755951025337e+07
5.990000000000000036e-07	1.994342912350261956e+07
6.000000000000000787e-07	2.032269077901273966e+07
6.010000000000000480e-07	2.065973771877519414e+07
6.020000000000000172e-07	2.110849799520820007e+07
6.029999999999999865e-07	2.157766887207555026e+07
6.040000000000000616e-07	2.202293645380488411e+07
6.050000000000000309e-07	2.251640705261934176e+07
6.060000000000000001e-07	2.300972694751829281e+07
6.070000000000000752e-07	2.344506704556399956e+07
6.080000000000000445e-07	2.394191668440889567e+07
6.090000000000000137e-07	2.451899130959636346e+07
6.100000000000000889e-07	2.500091111032587290e+07
6.110000000000000581e-07	2.550715354346577078e+07
6.120000000000000274e-07	2.607657315540367737e+07
6.129999999999999966e-07	2.660034507783804089e+07
6.140000000000000717e-07	2.717408636191152409e+07
6.150000000000000410e-07	2.773338378510561213e+07
6.160000000000000102e-07	2.832029776902034879e+07
6.170000000000000854e-07	2.882119524184348434e+07
6.180000000000000546e-07	2.936808399928449467e+07
6.190000000000000239e-07	2.984575847679452226e+07
6.199999999999999931e-07	3.038349265712147579e+07
6.210000000000000682e-07	3.085365043822393566e+07
6.220000000000000375e-07	3.132267057105376944e+07
6.230000000000000067e-07	3.176764679806203023e+07
6.240000000000000819e-07	3.215612573033992201e+07
6.250000000000000511e-07	3.271333910106103495e+07
6.260000000000000204e-07	3.308003879132584482e+07
6.269999999999999896e-07	3.348160828418278322e+07
6.280000000000000648e-07	3.387885054936781526e+07
6.290000000000000340e-07	3.419363234058726579e+07
6.300000000000000033e-07	3.455812210139399022e+07
6.310000000000000784e-07	3.480399925219903886e+07
6.320000000000000476e-07	3.504131259354031086e+07
6.330000000000000169e-07	3.535483395199929178e+07
6.340000000000000920e-07	3.562446944046954811e+07
6.350000000000000613e-07	3.581449786170162261e+07
6.360000000000000305e-07	3.601035503148076683e+07
6.369999999999999998e-07	3.620590926425606757e+07
6.380000000000000749e-07	3.632815184045145661e+07
6.390000000000000441e-07	3.641233233413799852e+07
6.400000000000000134e-07	3.653413952788916230e+07
6.410000000000000885e-07	3.672011452599303424e+07
6.420000000000000578e-07	3.678041327376972139e+07
6.430000000000000270e-07	3.681387487361714244e+07
6.439999999999999963e-07	3.698895986062130332e+07
6.450000000000000714e-07	3.693252503072290868e+07
6.460000000000000406e-07	3.701105118494400382e+07
6.470000000000000099e-07	3.707223135845266283e+07
6.480000000000000850e-07	3.710361609362772107e+07
6.490000000000000543e-07	3.710470050412230939e+07
6.500000000000000235e-07	3.726937512562587112e+07
6.509999999999999928e-07	3.718087696257825941e+07
6.520000000000000679e-07	3.729214766964687407e+07
6.530000000000000372e-07	3.733979699940852821e+07
6.540000000000000064e-07	3.755778062695844471e+07
6.550000000000000815e-07	3.744489964078093320e+07
6.560000000000000508e-07	3.753584715385453403e+07
6.570000000000000200e-07	3.765444971176569909e+07
6.579999999999999893e-07	3.766000971752872318e+07
6.590000000000000644e-07	3.774092035505978763e+07
6.600000000000000337e-07	3.791642773226246983e+07
6.610000000000000029e-07	3.801683650996098667e+07
6.620000000000000780e-07	3.819382532092130184e+07
6.630000000000000473e-07	3.832450597173140198e+07
6.640000000000000165e-07	3.842431823332888633e+07
6.650000000000000917e-07	3.863520778010975569e+07
6.660000000000000609e-07	3.875582479406239092e+07
6.670000000000000302e-07	3.890728494760704041e+07
6.679999999999999994e-07	3.917629563785108179e+07
6.690000000000000745e-07	3.956126930700966716e+07
6.700000000000000438e-07	3.971371796291979402e+07
6.710000000000000130e-07	3.998415366590446234e+07
6.720000000000000882e-07	4.047158705311907083e+07
6.730000000000000574e-07	4.069027086235299706e+07
6.740000000000000267e-07	4.103448175110702217e+07
6.749999999999999959e-07	4.139348122760346532e+07
6.760000000000000711e-07	4.182920528020510077e+07
6.770000000000000403e-07	4.227389702974615991e+07
6.780000000000000096e-07	4.266249616456387937e+07
6.790000000000000847e-07	4.307961467345692962e+07
6.800000000000000539e-07	4.345538700138529390e+07
6.810000000000000232e-07	4.390496704584717751e+07
6.819999999999999924e-07	4.428680177932063490e+07
6.830000000000000676e-07	4.473930367408431321e+07
6.840000000000000368e-07	4.523095922131442279e+07
6.850000000000000061e-07	4.565528752750118077e+07
6.860000000000000812e-07	4.608910007618536800e+07
6.870000000000000504e-07	4.642585513451008499e+07
6.880000000000000197e-07	4.694273511914926022e+07
6.890000000000000948e-07	4.732062272779935598e+07
6.900000000000000641e-07	4.786219608206761628e+07
6.910000000000000333e-07	4.878701168842957914e+07
6.920000000000000026e-07	5.026293125857248157e+07
6.930000000000000777e-07	5.183562346906811744e+07
6.940000000000000469e-07	5.220674431845008582e+07
6.950000000000000162e-07	5.160650626458524913e+07
6.960000000000000913e-07	5.065826779354658723e+07
6.970000000000000606e-07	5.013400607741589099e+07
6.980000000000000298e-07	4.999232004638453573e+07
6.989999999999999991e-07	4.991183442334156483e+07
7.000000000000000742e-07	4.996282043380389363e+07
7.010000000000000435e-07	5.006384160910341144e+07
7.020000000000000127e-07	5.001318423127435148e+07
7.030000000000000878e-07	5.003342655873963982e+07
7.040000000000000571e-07	4.991332052350358665e+07
7.050000000000000263e-07	5.012006399830955267e+07
7.059999999999999956e-07	5.004669290843389183e+07
7.070000000000000707e-07	4.990838704095012695e+07
7.080000000000000400e-07	4.960627515225649625e+07
7.090000000000000092e-07	4.952517209150900692e+07
7.100000000000000843e-07	4.927678061447764933e+07
7.110000000000000536e-07	4.900774619448774308e+07
7.120000000000000228e-07	4.868754325122583658e+07
7.129999999999999921e-07	4.850905168706025183e+07
7.140000000000000672e-07	4.812992844922318310e+07
7.150000000000000365e-07	4.777780606362306327e+07
7.160000000000000057e-07	4.756506336199599504e+07
7.170000000000000808e-07	4.691529316966141015e+07
7.180000000000000501e-07	4.641574143875604868e+07
7.190000000000000193e-07	4.608675803492665291e+07
7.200000000000000945e-07	4.555053017052290589e+07
7.210000000000000637e-07	4.495235923961173743e+07
7.220000000000000330e-07	4.454656280361220241e+07
7.230000000000000022e-07	4.399517930470553041e+07
7.240000000000000774e-07	4.328638034301249683e+07
7.250000000000000466e-07	4.292645637780074775e+07
7.260000000000000159e-07	4.220303144867630303e+07
7.270000000000000910e-07	4.174354491004907340e+07
7.280000000000000602e-07	4.117213791785343736e+07
7.290000000000000295e-07	4.049564315853663534e+07
7.299999999999999987e-07	3.978858291772948205e+07
7.310000000000000739e-07	3.925792014356967807e+07
7.320000000000000431e-07	3.859243749478933960e+07
7.330000000000000124e-07	3.789828972574523091e+07
7.340000000000000875e-07	3.737756803267144412e+07
7.350000000000000567e-07	3.674041314237990230e+07
7.360000000000000260e-07	3.592047069563702494e+07
7.369999999999999952e-07	3.534821077207477391e+07
7.380000000000000704e-07	3.471219259259752184e+07
7.390000000000000396e-07	3.407018347329402715e+07
7.400000000000000089e-07	3.340562110801687837e+07
7.410000000000000840e-07	3.272225831111145392e+07
7.420000000000000532e-07	3.206931374767703190e+07
7.430000000000000225e-07	3.148486713480088487e+07
7.440000000000000976e-07	3.079457567963692173e+07
7.450000000000000669e-07	3.018280305498553440e+07
7.460000000000000361e-07	2.950690243398244679e+07
7.470000000000000054e-07	2.901092544957118854e+07
7.480000000000000805e-07	2.841116906809951738e+07
7.490000000000000498e-07	2.787617949529948458e+07
7.500000000000000190e-07	2.719032472921021655e+07
7.510000000000000941e-07	2.662236981110166758e+07
7.520000000000000634e-07	2.607369515602753684e+07
7.530000000000000326e-07	2.552545759648311511e+07
7.540000000000000019e-07	2.496717763177262247e+07
7.550000000000000770e-07	2.439292995710786059e+07
7.560000000000000463e-07	2.386635818249336630e+07
7.570000000000000155e-07	2.319788847231004387e+07
7.580000000000000906e-07	2.268671327971558273e+07
7.590000000000000599e-07	2.211353369800192118e+07
7.600000000000000291e-07	2.169235996953000128e+07
7.609999999999999984e-07	2.123028009272754937e+07
7.620000000000000735e-07	2.068402822668127343e+07
7.630000000000000428e-07	2.010921791201560572e+07
7.640000000000000120e-07	1.965336947087472677e+07
7.650000000000000871e-07	1.916848786955529079e+07
7.660000000000000564e-07	1.867399942039651051e+07
7.670000000000000256e-07	1.829820252886348218e+07
7.680000000000001008e-07	1.780042543855121732e+07
7.690000000000000700e-07	1.734588014724791050e+07
7.700000000000000393e-07	1.690548719712308794e+07
7.710000000000000085e-07	1.644931315558362938e+07
7.720000000000000837e-07	1.604550027943768166e+07
7.730000000000000529e-07	1.559429741039312072e+07
7.740000000000000221e-07	1.521434491722141020e+07
7.750000000000000973e-07	1.483041151779052243e+07
7.760000000000000665e-07	1.436487503119835258e+07
7.770000000000000358e-07	1.401016324925770238e+07
7.780000000000000050e-07	1.369777183198389225e+07
7.790000000000000802e-07	1.328417201334185712e+07
7.800000000000000494e-07	1.292763087627847865e+07
7.810000000000000187e-07	1.257790035485211946e+07
7.820000000000000938e-07	1.229209367201497406e+07
7.830000000000000630e-07	1.193249221293781698e+07
7.840000000000000323e-07	1.159160889528983645e+07
7.850000000000000015e-07	1.124228779186294973e+07
7.860000000000000767e-07	1.093998940989639238e+07
7.870000000000000459e-07	1.065964419117827527e+07
7.880000000000000152e-07	1.041203657169803046e+07
7.890000000000000903e-07	1.013564880670693517e+07
7.900000000000000595e-07	9.814614033064708114e+06
7.910000000000000288e-07	9.525307544301040471e+06
7.919999999999999980e-07	9.309332235021200031e+06
7.930000000000000732e-07	8.992528501754503697e+06
7.940000000000000424e-07	8.702170958676001057e+06
7.950000000000000117e-07	8.540157697449672967e+06
7.960000000000000868e-07	8.240228386409279890e+06
7.970000000000000560e-07	8.028314102176706307e+06
7.980000000000000253e-07	7.799421718870022334e+06
7.990000000000001004e-07	7.568266304498996586e+06
8.000000000000000697e-07	7.333603361057021655e+06
8.010000000000000389e-07	7.210729445937452838e+06
8.020000000000000082e-07	6.990224436135726050e+06
8.030000000000000833e-07	6.763025381658311002e+06
8.040000000000000526e-07	6.557687016631450504e+06
8.050000000000000218e-07	6.387722217831335030e+06
8.060000000000000969e-07	6.192053123794414103e+06
8.070000000000000662e-07	6.048345787821675651e+06
8.080000000000000354e-07	5.906576229047912173e+06
8.090000000000000047e-07	5.657735763529721648e+06
8.100000000000000798e-07	5.518114052909989841e+06
8.110000000000000491e-07	5.417003629406163469e+06
8.120000000000000183e-07	5.239638221249135211e+06
8.130000000000000934e-07	5.064974305017905310e+06
8.140000000000000627e-07	4.886047091994432732e+06
8.150000000000000319e-07	4.775007863836301491e+06
8.160000000000000012e-07	4.733966759859039448e+06
8.170000000000000763e-07	4.583272708316802979e+06
8.180000000000000456e-07	4.437385322139564902e+06
8.190000000000000148e-07	4.296648353775739670e+06
8.200000000000000899e-07	4.186337143036487047e+06
8.210000000000000592e-07	4.031664800333096646e+06
8.220000000000000284e-07	3.909499355409418233e+06
8.230000000000001036e-07	3.808934116565697361e+06
8.240000000000000728e-07	3.687312718312206678e+06
8.250000000000000421e-07	3.602180376328458544e+06
8.260000000000000113e-07	3.485619582550163381e+06
8.270000000000000865e-07	3.395883923582232092e+06
8.280000000000000557e-07	3.313766064662294928e+06
8.290000000000000250e-07	3.218925023444243241e+06
8.300000000000001001e-07	3.115138268415730447e+06
8.310000000000000693e-07	3.034850097935305443e+06
8.320000000000000386e-07	2.966733805222079623e+06
8.330000000000000078e-07	2.876571271337672602e+06
8.340000000000000830e-07	2.774397611668115947e+06
8.350000000000000522e-07	2.695877508508645464e+06
8.360000000000000215e-07	2.625284343997188378e+06
8.370000000000000966e-07	2.551187559668948874e+06
8.380000000000000658e-07	2.476635687759742606e+06
8.390000000000000351e-07	2.417011950002949219e+06
8.400000000000000043e-07	2.367359184484916739e+06
8.410000000000000795e-07	2.299250271364806686e+06
8.420000000000000487e-07	2.231336059193156660e+06
8.430000000000000180e-07	2.147563550971410703e+06
8.440000000000000931e-07	2.086583564497339772e+06
8.450000000000000623e-07	2.057111661915247794e+06
8.460000000000000316e-07	1.992057448619425297e+06
8.470000000000000008e-07	1.913740557055217214e+06
8.480000000000000760e-07	1.870026866019778652e+06
8.490000000000000452e-07	1.823064818555530626e+06
8.500000000000000145e-07	1.781145751208914444e+06
8.510000000000000896e-07	1.740756104678392876e+06
8.520000000000000589e-07	1.674014099831886822e+06
8.530000000000000281e-07	1.639184238190017641e+06
8.540000000000001032e-07	1.590030947203030344e+06
8.550000000000000725e-07	1.542216151387946680e+06
8.560000000000000417e-07	1.469333261271076044e+06
8.570000000000000110e-07	1.442322868320306763e+06
8.580000000000000861e-07	1.411198488620063756e+06
8.590000000000000554e-07	1.355138766976471525e+06
8.600000000000000246e-07	1.338691893172913464e+06
8.610000000000000997e-07	1.285409581729382742e+06
8.620000000000000690e-07	1.248801567491082242e+06
8.630000000000000382e-07	1.201846597030996345e+06
8.640000000000000075e-07	1.166309535611187341e+06
8.650000000000000826e-07	1.126094086078638677e+06
8.660000000000000519e-07	1.112487607615074608e+06
8.670000000000000211e-07	1.056037141685523558e+06
8.680000000000000962e-07	1.056196270194131415e+06
8.690000000000000655e-07	1.035976810925099300e+06
8.700000000000000347e-07	9.765776410753804957e+05
8.710000000000000040e-07	9.447842735712489812e+05
8.720000000000000791e-07	9.407323769839296583e+05
8.730000000000000484e-07	9.152496795623255894e+05
8.740000000000000176e-07	9.040297014037315967e+05
8.750000000000000928e-07	8.667180729089840315e+05
8.760000000000000620e-07	8.401815018078569556e+05
8.770000000000000313e-07	8.354388898338073632e+05
8.780000000000001064e-07	8.036417644504939672e+05
8.790000000000000756e-07	7.820712784145543119e+05
8.800000000000000449e-07	7.617722425028716680e+05
8.810000000000000141e-07	7.316622370602040319e+05
8.820000000000000893e-07	7.153265037766615860e+05
8.830000000000000585e-07	7.107663287483804161e+05
8.840000000000000278e-07	6.942386364293284714e+05
8.850000000000001029e-07	6.646828762723974651e+05
8.860000000000000721e-07	6.619490037875155685e+05
8.870000000000000414e-07	6.250113387316697044e+05
8.880000000000000106e-07	6.092057232327635866e+05
8.890000000000000858e-07	5.955281976887267083e+05
8.900000000000000550e-07	5.882150902549023740e+05
8.910000000000000243e-07	5.731877147829604801e+05
8.920000000000000994e-07	5.531599582594874082e+05
8.930000000000000686e-07	5.313855456155535067e+05
8.940000000000000379e-07	5.211083278895828407e+05
8.950000000000000071e-07	5.178350583310705842e+05
8.960000000000000823e-07	5.106416599725467386e+05
8.970000000000000515e-07	4.652768985763376113e+05
8.980000000000000208e-07	4.795744129934172379e+05
8.990000000000000959e-07	4.658937149388134130e+05
9.000000000000000652e-07	4.591899085708634811e+05
9.010000000000000344e-07	4.601121879481862416e+05
9.020000000000000037e-07	4.320887789744938491e+05
9.030000000000000788e-07	4.075353877315822756e+05
9.040000000000000480e-07	3.913170876656256733e+05
9.050000000000000173e-07	4.010338795557142585e+05
9.060000000000000924e-07	3.979240429000459844e+05
9.070000000000000617e-07	3.773106485647074878e+05
9.080000000000000309e-07	3.664241502169790328e+05
9.090000000000001060e-07	3.645305691506506409e+05
9.100000000000000753e-07	3.468390230129081756e+05
9.110000000000000445e-07	3.278073309265930438e+05
9.120000000000000138e-07	3.338814099677455961e+05
9.130000000000000889e-07	3.119457849891385995e+05
9.140000000000000582e-07	3.190589488431439968e+05
9.150000000000000274e-07	3.140664317549943225e+05
9.160000000000001025e-07	3.144009166144868359e+05
9.170000000000000718e-07	3.144359001563190832e+05
9.180000000000000410e-07	3.123639781844874378e+05
9.190000000000000103e-07	2.950832722088581650e+05
9.200000000000000854e-07	2.917275454286772292e+05
9.210000000000000547e-07	2.912922820010331925e+05
9.220000000000000239e-07	2.751432322005621390e+05
9.230000000000000991e-07	2.623481315792594105e+05
9.240000000000000683e-07	2.648215493196315947e+05
9.250000000000000376e-07	2.634251491761333891e+05
9.260000000000000068e-07	2.423171633500515600e+05
9.270000000000000819e-07	2.403449404108542367e+05
9.280000000000000512e-07	2.421352151604722603e+05
9.290000000000000204e-07	2.329191346002442006e+05
9.300000000000000956e-07	2.213773773477691866e+05
9.310000000000000648e-07	2.281341823800231796e+05
9.320000000000000341e-07	2.234600062772802485e+05
9.330000000000001092e-07	2.071223872422288987e+05
9.340000000000000784e-07	2.382359370744595653e+05
9.350000000000000477e-07	1.985605976187632186e+05
9.360000000000000169e-07	1.974215743852944579e+05
9.370000000000000921e-07	1.937341694970199314e+05
9.380000000000000613e-07	1.923559840156605642e+05
9.390000000000000306e-07	2.158426254254612431e+05
9.400000000000001057e-07	2.150698459043889015e+05
9.410000000000000749e-07	1.965309728231515037e+05
9.420000000000000442e-07	1.760894987000067485e+05
9.430000000000000134e-07	1.944289118126388639e+05
9.440000000000000886e-07	1.887518255644591409e+05
9.450000000000000578e-07	1.766164357897200389e+05
9.460000000000000271e-07	1.809248890747485275e+05
9.470000000000001022e-07	1.656617780221312132e+05
9.480000000000000715e-07	1.631399121523533831e+05
9.490000000000000407e-07	1.783241718929919589e+05
9.500000000000000100e-07	1.444106759713633510e+05
9.510000000000000851e-07	1.674809630375753040e+05
9.520000000000000543e-07	1.604099064429333957e+05
9.530000000000000236e-07	1.382730257753911428e+05
9.540000000000000987e-07	1.289741127886298782e+05
9.549999999999999621e-07	1.318289115721769922e+05
9.560000000000000372e-07	1.489661675532312656e+05
9.570000000000001123e-07	1.136093695420893491e+05
9.579999999999999757e-07	1.302079928754281573e+05
9.590000000000000508e-07	1.176538288950617862e+05
9.600000000000001260e-07	1.506485647711935453e+05
9.609999999999999893e-07	1.225356374156075035e+05
9.620000000000000645e-07	1.221802664791252027e+05
9.630000000000001396e-07	9.490814960942223843e+04
9.640000000000000030e-07	1.161636210227107076e+05
9.650000000000000781e-07	1.116393896937628451e+05
9.660000000000001532e-07	1.181208464307670074e+05
9.670000000000000166e-07	9.075787620622002578e+04
9.680000000000000917e-07	8.526963497686202754e+04
9.689999999999999551e-07	1.260079872911328566e+05
9.700000000000000302e-07	1.191408887901946000e+05
9.710000000000001053e-07	9.331430608692600799e+04
9.719999999999999687e-07	8.948388211305823643e+04
9.730000000000000438e-07	9.614039120923080191e+04
9.740000000000001190e-07	1.000156482473780488e+05
9.749999999999999823e-07	1.131237540928850794e+05
9.760000000000000575e-07	1.213403662887594110e+05
9.770000000000001326e-07	9.806190709075903578e+04
9.779999999999999960e-07	8.233538397842066479e+04
9.790000000000000711e-07	7.545889979941808269e+04
9.800000000000001462e-07	9.426923819378433109e+04
9.810000000000000096e-07	1.122544590571375884e+05
9.820000000000000847e-07	9.298996616883362003e+04
9.830000000000001599e-07	9.410389183139144734e+04
9.840000000000000232e-07	9.795482329692271014e+04
9.850000000000000984e-07	8.471940139611318591e+04
9.859999999999999617e-07	7.499273914861954108e+04
9.870000000000000369e-07	8.307233432709873887e+04
9.880000000000001120e-07	6.372882470234118955e+04
9.889999999999999754e-07	7.479544710090894660e+04
9.900000000000000505e-07	1.023949328282657516e+05
9.910000000000001256e-07	9.079466356696387811e+04
9.919999999999999890e-07	7.627096092823926301e+04
9.930000000000000641e-07	8.195119227758818306e+04
9.940000000000001392e-07	8.464651613504589477e+04
9.950000000000000026e-07	6.623536389688741474e+04
9.960000000000000777e-07	9.881207401775073959e+04
9.970000000000001529e-07	1.105483990869244299e+05
9.980000000000000162e-07	1.012446082651325851e+05
9.990000000000000914e-07	8.588423633978323778e+04
