lambda	I
3.000000000000000394e-07	2.422147313645248301e+06
3.010000000000000086e-07	2.562342519216984510e+06
3.020000000000000308e-07	2.149145925202186219e+06
3.030000000000000001e-07	2.270823184019281063e+06
3.040000000000000222e-07	2.336512056873524562e+06
3.050000000000000444e-07	2.469501205851925537e+06
3.060000000000000137e-07	2.876376687011695933e+06
3.070000000000000359e-07	2.409983131416025106e+06
3.080000000000000051e-07	2.286427029388499446e+06
3.090000000000000273e-07	2.467993201753406785e+06
3.099999999999999966e-07	2.503655275013621897e+06
3.110000000000000187e-07	2.363743268753788434e+06
3.120000000000000409e-07	2.340677255877773743e+06
3.130000000000000102e-07	2.474316640412524808e+06
3.140000000000000324e-07	2.094131604942892678e+06
3.150000000000000016e-07	2.527116702919897623e+06
3.160000000000000238e-07	2.533250294945383444e+06
3.170000000000000460e-07	2.548498744409915991e+06
3.180000000000000153e-07	1.945980285209462978e+06
3.190000000000000374e-07	2.288755548094352242e+06
3.200000000000000067e-07	2.366527072768905200e+06
3.210000000000000289e-07	2.425020807922986802e+06
3.219999999999999981e-07	2.339628717976932414e+06
3.230000000000000203e-07	2.245720518400349654e+06
3.240000000000000425e-07	2.511292450264099520e+06
3.250000000000000118e-07	2.454877206678436138e+06
3.260000000000000340e-07	2.073972159737517824e+06
3.270000000000000032e-07	2.273154922443399671e+06
3.280000000000000254e-07	2.452073820834734011e+06
3.289999999999999946e-07	2.263213488375343848e+06
3.300000000000000168e-07	2.211519927241959143e+06
3.310000000000000390e-07	2.192578543765347451e+06
3.320000000000000083e-07	2.496683950369060505e+06
3.330000000000000305e-07	2.240046289989003446e+06
3.339999999999999997e-07	2.273571486599980388e+06
3.350000000000000219e-07	2.137701524023108650e+06
3.360000000000000441e-07	1.831894515510698315e+06
3.370000000000000133e-07	1.964836037577279611e+06
3.380000000000000355e-07	2.162097107843940146e+06
3.390000000000000048e-07	2.267317755045099184e+06
3.400000000000000270e-07	2.319928631380090956e+06
3.409999999999999962e-07	2.367366234726539347e+06
3.420000000000000184e-07	2.002628602778667817e+06
3.430000000000000406e-07	2.136561280901649501e+06
3.440000000000000098e-07	2.512179029211081099e+06
3.450000000000000320e-07	2.148547804438124876e+06
3.460000000000000013e-07	1.913739960076091113e+06
3.470000000000000235e-07	1.981688068887435831e+06
3.480000000000000457e-07	2.477895240712875035e+06
3.490000000000000149e-07	2.133625730334222782e+06
3.500000000000000371e-07	2.492499804406126495e+06
3.510000000000000064e-07	2.429625991358228028e+06
3.520000000000000285e-07	2.698341565836917143e+06
3.529999999999999978e-07	2.357795982608448248e+06
3.540000000000000200e-07	2.671882746906619985e+06
3.550000000000000422e-07	2.275730963902174495e+06
3.560000000000000114e-07	2.480713997525652405e+06
3.570000000000000336e-07	2.378301335415504873e+06
3.580000000000000029e-07	2.281186540416043717e+06
3.590000000000000250e-07	2.212697073794145603e+06
3.600000000000000472e-07	2.380973311484237667e+06
3.610000000000000165e-07	2.385337128772983793e+06
3.620000000000000387e-07	2.329667467726714909e+06
3.630000000000000079e-07	2.350030422597134020e+06
3.640000000000000301e-07	2.444990268651221879e+06
3.649999999999999994e-07	2.687618006770033855e+06
3.660000000000000216e-07	2.537102499958418310e+06
3.670000000000000437e-07	2.444311561134120449e+06
3.680000000000000130e-07	2.429322790954451077e+06
3.690000000000000352e-07	2.468247038306362927e+06
3.700000000000000044e-07	2.411441988129092380e+06
3.710000000000000266e-07	2.436140666308989283e+06
3.720000000000000488e-07	2.108938569751756731e+06
3.730000000000000181e-07	2.413796746868667193e+06
3.740000000000000403e-07	2.306791766866187565e+06
3.750000000000000095e-07	2.526455950271998998e+06
3.760000000000000317e-07	2.272029997422068380e+06
3.770000000000000009e-07	1.991271803346405737e+06
3.780000000000000231e-07	2.299276817590305116e+06
3.790000000000000453e-07	2.321499113941702526e+06
3.800000000000000146e-07	2.541076628044085111e+06
3.810000000000000368e-07	2.451998579438920598e+06
3.820000000000000060e-07	2.327284367627563421e+06
3.830000000000000282e-07	2.351383056837181095e+06
3.840000000000000504e-07	2.483862771215844434e+06
3.850000000000000196e-07	2.750622083876699209e+06
3.860000000000000418e-07	2.196633499015749432e+06
3.870000000000000111e-07	2.322936174023252912e+06
3.880000000000000333e-07	2.632449225584745873e+06
3.890000000000000025e-07	2.648287459546345752e+06
3.900000000000000247e-07	2.489271294996437151e+06
3.910000000000000469e-07	2.547027800548071507e+06
3.920000000000000161e-07	2.529550034846961033e+06
3.930000000000000383e-07	2.909515437525071204e+06
3.940000000000000076e-07	2.441738666764935944e+06
3.950000000000000298e-07	2.674112276681734715e+06
3.959999999999999990e-07	2.697690118201309815e+06
3.970000000000000212e-07	2.547969003345569130e+06
3.980000000000000434e-07	2.321010412249274086e+06
3.990000000000000126e-07	2.863029272810977884e+06
4.000000000000000348e-07	2.854696635301249567e+06
4.010000000000000041e-07	2.863599602797108702e+06
4.020000000000000263e-07	2.855972138311763760e+06
4.030000000000000485e-07	3.229040782932203729e+06
4.040000000000000177e-07	3.512909926465604920e+06
4.050000000000000399e-07	3.776529665368592832e+06
4.060000000000000092e-07	3.933387766265557148e+06
4.070000000000000313e-07	4.121072822125902865e+06
4.080000000000000006e-07	4.509130055992518552e+06
4.090000000000000228e-07	4.944989974014206789e+06
4.100000000000000450e-07	5.552684391740969382e+06
4.110000000000000142e-07	5.961792296819999814e+06
4.120000000000000364e-07	6.737937126360187307e+06
4.130000000000000057e-07	7.357581514638089575e+06
4.140000000000000279e-07	7.896868090954222716e+06
4.150000000000000500e-07	8.503965212869383395e+06
4.160000000000000193e-07	1.007182786886239238e+07
4.170000000000000415e-07	1.101512534632457793e+07
4.180000000000000107e-07	1.200316300367955305e+07
4.190000000000000329e-07	1.369756584318517148e+07
4.200000000000000022e-07	1.589598180788030475e+07
4.210000000000000244e-07	1.802842660560933501e+07
4.220000000000000465e-07	1.995312670514482260e+07
4.230000000000000158e-07	2.240144683360834047e+07
4.240000000000000380e-07	2.485895816831699759e+07
4.250000000000000072e-07	2.827285111854292452e+07
4.260000000000000294e-07	3.150144949103409052e+07
4.270000000000000516e-07	3.498669144793333858e+07
4.280000000000000209e-07	3.930498461015413702e+07
4.290000000000000431e-07	4.456453871678180993e+07
4.300000000000000123e-07	4.981088670037764311e+07
4.310000000000000345e-07	5.490554227749106288e+07
4.320000000000000037e-07	5.968982744078215957e+07
4.330000000000000259e-07	6.687612209983442724e+07
4.340000000000000481e-07	7.338475445586872101e+07
4.350000000000000174e-07	8.124147037364505231e+07
4.360000000000000396e-07	9.010912144452890754e+07
4.370000000000000088e-07	9.970494945513597131e+07
4.380000000000000310e-07	1.106455917847741991e+08
4.390000000000000532e-07	1.239725063986247927e+08
4.400000000000000224e-07	1.373718049558027089e+08
4.410000000000000446e-07	1.584020481049734652e+08
4.420000000000000139e-07	1.806159832613458931e+08
4.430000000000000361e-07	2.077349520623281002e+08
4.440000000000000053e-07	2.370780229660452604e+08
4.450000000000000275e-07	2.726241848110399246e+08
4.460000000000000497e-07	3.129412390514580607e+08
4.470000000000000189e-07	3.562496890915066004e+08
4.480000000000000411e-07	4.018274175279980898e+08
4.490000000000000104e-07	4.436171740778604746e+08
4.500000000000000326e-07	4.817760720338333249e+08
4.510000000000000018e-07	5.116669485854422450e+08
4.520000000000000240e-07	5.330180888343548775e+08
4.530000000000000462e-07	5.401044366287833452e+08
4.540000000000000155e-07	5.338252054831377268e+08
4.550000000000000376e-07	5.141660642169892788e+08
4.560000000000000069e-07	4.875119744714992046e+08
4.570000000000000291e-07	4.552267427217662334e+08
4.580000000000000513e-07	4.193273030142618418e+08
4.590000000000000205e-07	3.883615957365089059e+08
4.600000000000000427e-07	3.598477539149143100e+08
4.610000000000000120e-07	3.394938643256487846e+08
4.620000000000000342e-07	3.257762049882924557e+08
4.630000000000000034e-07	3.170537210109712481e+08
4.640000000000000256e-07	3.145212971955698729e+08
4.650000000000000478e-07	3.160130093166480064e+08
4.660000000000000170e-07	3.144223191727516055e+08
4.670000000000000392e-07	3.144585011109931469e+08
4.680000000000000085e-07	3.122879842540415525e+08
4.690000000000000307e-07	3.093009751044775248e+08
4.700000000000000528e-07	3.003207433877462149e+08
4.710000000000000221e-07	2.913017790689863563e+08
4.720000000000000443e-07	2.803009659790996313e+08
4.730000000000000135e-07	2.696028225228194594e+08
4.740000000000000357e-07	2.628661426000719666e+08
4.750000000000000050e-07	2.565019061344155967e+08
4.760000000000000272e-07	2.506228078691041172e+08
4.770000000000000494e-07	2.494282858299234211e+08
4.780000000000000186e-07	2.494106040894945562e+08
4.789999999999999879e-07	2.552270448573891819e+08
4.800000000000000630e-07	2.622339266156474352e+08
4.810000000000000322e-07	2.692258007020046711e+08
4.820000000000000015e-07	2.797154797245733142e+08
4.830000000000000766e-07	2.871539808218078613e+08
4.840000000000000459e-07	2.978756485514410734e+08
4.850000000000000151e-07	3.093966477080741525e+08
4.859999999999999844e-07	3.163506695926848054e+08
4.870000000000000595e-07	3.277898364748036265e+08
4.880000000000000287e-07	3.363092793654241562e+08
4.889999999999999980e-07	3.457374432575790286e+08
4.900000000000000731e-07	3.562699071996980309e+08
4.910000000000000424e-07	3.662639347739317417e+08
4.920000000000000116e-07	3.763938915055932403e+08
4.929999999999999809e-07	3.885897619107388854e+08
4.940000000000000560e-07	4.012402835573520660e+08
4.950000000000000252e-07	4.122159753647967577e+08
4.959999999999999945e-07	4.233706746316708922e+08
4.970000000000000696e-07	4.354816297939409614e+08
4.980000000000000389e-07	4.495629249681611061e+08
4.990000000000000081e-07	4.607317313189263344e+08
5.000000000000000833e-07	4.731972725376970172e+08
5.010000000000000525e-07	4.828076051641182899e+08
5.020000000000000218e-07	4.957956732236751914e+08
5.029999999999999910e-07	5.045642479908369780e+08
5.040000000000000661e-07	5.155764963585115671e+08
5.050000000000000354e-07	5.250345919984880090e+08
5.060000000000000046e-07	5.318793857865562439e+08
5.070000000000000798e-07	5.409567557100416422e+08
5.080000000000000490e-07	5.473822334835853577e+08
5.090000000000000183e-07	5.555874671915444136e+08
5.099999999999999875e-07	5.623813928566317558e+08
5.110000000000000626e-07	5.697874490830775499e+08
5.120000000000000319e-07	5.746533204754945040e+08
5.130000000000000011e-07	5.828792242560975552e+08
5.140000000000000763e-07	5.883398350552442074e+08
5.150000000000000455e-07	5.927994827747666836e+08
5.160000000000000148e-07	6.004673369854321480e+08
5.169999999999999840e-07	6.062752241512171030e+08
5.180000000000000591e-07	6.129685960805822611e+08
5.190000000000000284e-07	6.171487960542328358e+08
5.199999999999999976e-07	6.212881399183257818e+08
5.210000000000000728e-07	6.270930210263403654e+08
5.220000000000000420e-07	6.334577544800536633e+08
5.230000000000000113e-07	6.390169184453108311e+08
5.239999999999999805e-07	6.429802984961128235e+08
5.250000000000000557e-07	6.487205775475198030e+08
5.260000000000000249e-07	6.548853626676417589e+08
5.269999999999999942e-07	6.610678711247649193e+08
5.280000000000000693e-07	6.653015719338856936e+08
5.290000000000000385e-07	6.726248394268294573e+08
5.300000000000000078e-07	6.776076275516099930e+08
5.310000000000000829e-07	6.837547814362180233e+08
5.320000000000000522e-07	6.890909546295706034e+08
5.330000000000000214e-07	6.958863107506002188e+08
5.339999999999999907e-07	7.021129114744193554e+08
5.350000000000000658e-07	7.102285680265870094e+08
5.360000000000000350e-07	7.141560653079557419e+08
5.370000000000000043e-07	7.214852639903267622e+08
5.380000000000000794e-07	7.251249348521804810e+08
5.390000000000000487e-07	7.346635928081398010e+08
5.400000000000000179e-07	7.408473350576546192e+08
5.409999999999999872e-07	7.483537131848853827e+08
5.420000000000000623e-07	7.545683878320696354e+08
5.430000000000000315e-07	7.609365961509528160e+08
5.440000000000000008e-07	7.680621567344412804e+08
5.450000000000000759e-07	7.745167890351637602e+08
5.460000000000000452e-07	7.819924446284866333e+08
5.470000000000000144e-07	7.865666136178535223e+08
5.479999999999999837e-07	7.929094275765947104e+08
5.490000000000000588e-07	8.002828855317413807e+08
5.500000000000000281e-07	8.050860498342728615e+08
5.509999999999999973e-07	8.118855421687387228e+08
5.520000000000000724e-07	8.163864675754427910e+08
5.530000000000000417e-07	8.218604078479336500e+08
5.540000000000000109e-07	8.269641465086190701e+08
5.550000000000000861e-07	8.356923186945737600e+08
5.560000000000000553e-07	8.398152605019451380e+08
5.570000000000000246e-07	8.430672001014884710e+08
5.579999999999999938e-07	8.472235988420414925e+08
5.590000000000000689e-07	8.558482034858261347e+08
5.600000000000000382e-07	8.587537877452681065e+08
5.610000000000000074e-07	8.617291903426872492e+08
5.620000000000000826e-07	8.680724095236107111e+08
5.630000000000000518e-07	8.718662255151672363e+08
5.640000000000000211e-07	8.762042617619202137e+08
5.649999999999999903e-07	8.809726804298557043e+08
5.660000000000000654e-07	8.865283420258357525e+08
5.670000000000000347e-07	8.883015025332713127e+08
5.680000000000000039e-07	8.953202996868542433e+08
5.690000000000000791e-07	8.976160149061473608e+08
5.700000000000000483e-07	9.062925460627255440e+08
5.710000000000000176e-07	9.107865053684761524e+08
5.719999999999999868e-07	9.148928495145214796e+08
5.730000000000000620e-07	9.182191268036957979e+08
5.740000000000000312e-07	9.244401810518041849e+08
5.750000000000000004e-07	9.273799051002886295e+08
5.760000000000000756e-07	9.329136519542834759e+08
5.770000000000000448e-07	9.383282562144471407e+08
5.780000000000000141e-07	9.461336431801584959e+08
5.789999999999999833e-07	9.496153884158434868e+08
5.800000000000000585e-07	9.567884186195720434e+08
5.810000000000000277e-07	9.630650441951102018e+08
5.819999999999999970e-07	9.672371681539123058e+08
5.830000000000000721e-07	9.754779474298942089e+08
5.840000000000000413e-07	9.829524814061079025e+08
5.850000000000000106e-07	9.920029135427454710e+08
5.860000000000000857e-07	9.977506996674786806e+08
5.870000000000000550e-07	1.008595996285998464e+09
5.880000000000000242e-07	1.015674264965994477e+09
5.889999999999999935e-07	1.023174410336392641e+09
5.900000000000000686e-07	1.032550251531825185e+09
5.910000000000000378e-07	1.043207933779565930e+09
5.920000000000000071e-07	1.054388515894712806e+09
5.930000000000000822e-07	1.063262342931636810e+09
5.940000000000000515e-07	1.079130883350517511e+09
5.950000000000000207e-07	1.089215983528247595e+09
5.959999999999999900e-07	1.099417679319743395e+09
5.970000000000000651e-07	1.111263793960946560e+09
5.980000000000000343e-07	1.126197741943850994e+09
5.990000000000000036e-07	1.134667728728654623e+09
6.000000000000000787e-07	1.149033505862120628e+09
6.010000000000000480e-07	1.162529944576881647e+09
6.020000000000000172e-07	1.174191681250088692e+09
6.029999999999999865e-07	1.188175253722391605e+09
6.040000000000000616e-07	1.201563310409597397e+09
6.050000000000000309e-07	1.217758411840491056e+09
6.060000000000000001e-07	1.230531174655162811e+09
6.070000000000000752e-07	1.244675777549790859e+09
6.080000000000000445e-07	1.261779160890561581e+09
6.090000000000000137e-07	1.272579619201252937e+09
6.100000000000000889e-07	1.289034477284595966e+09
6.110000000000000581e-07	1.302979566537190437e+09
6.120000000000000274e-07	1.317491185863166809e+09
6.129999999999999966e-07	1.333726748646211147e+09
6.140000000000000717e-07	1.346260138802116156e+09
6.150000000000000410e-07	1.360150544404501200e+09
6.160000000000000102e-07	1.373651617414855242e+09
6.170000000000000854e-07	1.389441622666879416e+09
6.180000000000000546e-07	1.398582021602750063e+09
6.190000000000000239e-07	1.412025196386408091e+09
6.199999999999999931e-07	1.421013528262014866e+09
6.210000000000000682e-07	1.436428245569292784e+09
6.220000000000000375e-07	1.448522275628329039e+09
6.230000000000000067e-07	1.457549005266765118e+09
6.240000000000000819e-07	1.464377004782769918e+09
6.250000000000000511e-07	1.477263561650991678e+09
6.260000000000000204e-07	1.487449718179935455e+09
6.269999999999999896e-07	1.493079463745212317e+09
6.280000000000000648e-07	1.500397437306684971e+09
6.290000000000000340e-07	1.507406350069732666e+09
6.300000000000000033e-07	1.511855945705117702e+09
6.310000000000000784e-07	1.517805366767648697e+09
6.320000000000000476e-07	1.521258434403710127e+09
6.330000000000000169e-07	1.519213404823380947e+09
6.340000000000000920e-07	1.526258095288625002e+09
6.350000000000000613e-07	1.525949708673108578e+09
6.360000000000000305e-07	1.526958622515388012e+09
6.369999999999999998e-07	1.527837965159126759e+09
6.380000000000000749e-07	1.527917729562088013e+09
6.390000000000000441e-07	1.526465200319214344e+09
6.400000000000000134e-07	1.521306544641442299e+09
6.410000000000000885e-07	1.520934524196352243e+09
6.420000000000000578e-07	1.518061584915185690e+09
6.430000000000000270e-07	1.515452893352025509e+09
6.439999999999999963e-07	1.510118917816177130e+09
6.450000000000000714e-07	1.501338481796403170e+09
6.460000000000000406e-07	1.493072448064980507e+09
6.470000000000000099e-07	1.483674403473511457e+09
6.480000000000000850e-07	1.475999709403496265e+09
6.490000000000000543e-07	1.468472681602184057e+09
6.500000000000000235e-07	1.456543209501698017e+09
6.509999999999999928e-07	1.447924126914830685e+09
6.520000000000000679e-07	1.437993687697048426e+09
6.530000000000000372e-07	1.425533916433879137e+09
6.540000000000000064e-07	1.414130748330532789e+09
6.550000000000000815e-07	1.400773406669471979e+09
6.560000000000000508e-07	1.385625090474308968e+09
6.570000000000000200e-07	1.372542786858190298e+09
6.579999999999999893e-07	1.361641841721213102e+09
6.590000000000000644e-07	1.343362066510027170e+09
6.600000000000000337e-07	1.331011212387988567e+09
6.610000000000000029e-07	1.312719984096880913e+09
6.620000000000000780e-07	1.298921630084470034e+09
6.630000000000000473e-07	1.283174946428754807e+09
6.640000000000000165e-07	1.267951583152734041e+09
6.650000000000000917e-07	1.250481204989796877e+09
6.660000000000000609e-07	1.231949897054814339e+09
6.670000000000000302e-07	1.214785426556511402e+09
6.679999999999999994e-07	1.197491000630317926e+09
6.690000000000000745e-07	1.183632920526779652e+09
6.700000000000000438e-07	1.164301272941492558e+09
6.710000000000000130e-07	1.147290805992595673e+09
6.720000000000000882e-07	1.130509613510938168e+09
6.730000000000000574e-07	1.111479597275064468e+09
6.740000000000000267e-07	1.094812788947707653e+09
6.749999999999999959e-07	1.074835657259020090e+09
6.760000000000000711e-07	1.061005164376035690e+09
6.770000000000000403e-07	1.040913451697408795e+09
6.780000000000000096e-07	1.022914023121985555e+09
6.790000000000000847e-07	1.005954230963126183e+09
6.800000000000000539e-07	9.844228701820348501e+08
6.810000000000000232e-07	9.662064250966377258e+08
6.819999999999999924e-07	9.500615934064582586e+08
6.830000000000000676e-07	9.328856795236865282e+08
6.840000000000000368e-07	9.158940077340403795e+08
6.850000000000000061e-07	8.987752272193335295e+08
6.860000000000000812e-07	8.832009687381541729e+08
6.870000000000000504e-07	8.655360422358298302e+08
6.880000000000000197e-07	8.473671388369470835e+08
6.890000000000000948e-07	8.329821028147325516e+08
6.900000000000000641e-07	8.216826382545025349e+08
6.910000000000000333e-07	8.138992265745979548e+08
6.920000000000000026e-07	8.162641595647937059e+08
6.930000000000000777e-07	8.172166464188538790e+08
6.940000000000000469e-07	8.057031991711260080e+08
6.950000000000000162e-07	7.800048675098726749e+08
6.960000000000000913e-07	7.461655030452038050e+08
6.970000000000000606e-07	7.198579913308379650e+08
6.980000000000000298e-07	7.007069442097165585e+08
6.989999999999999991e-07	6.847372560931947231e+08
7.000000000000000742e-07	6.682371431706951857e+08
7.010000000000000435e-07	6.563123488022887707e+08
7.020000000000000127e-07	6.415674915625891685e+08
7.030000000000000878e-07	6.299818549983522892e+08
7.040000000000000571e-07	6.185627668440344334e+08
7.050000000000000263e-07	6.045286565747612715e+08
7.059999999999999956e-07	5.929532023906366825e+08
7.070000000000000707e-07	5.811009827344762087e+08
7.080000000000000400e-07	5.691026717506465912e+08
7.090000000000000092e-07	5.564644868410536051e+08
7.100000000000000843e-07	5.434032333208194971e+08
7.110000000000000536e-07	5.313917364348611236e+08
7.120000000000000228e-07	5.203141507887226939e+08
7.129999999999999921e-07	5.107904670788324475e+08
7.140000000000000672e-07	4.993835816403894424e+08
7.150000000000000365e-07	4.881618184625331163e+08
7.160000000000000057e-07	4.806997263095074892e+08
7.170000000000000808e-07	4.682451835476686954e+08
7.180000000000000501e-07	4.585660630888559222e+08
7.190000000000000193e-07	4.487499923676918149e+08
7.200000000000000945e-07	4.377536888148322701e+08
7.210000000000000637e-07	4.279501781574776769e+08
7.220000000000000330e-07	4.187856435396225452e+08
7.230000000000000022e-07	4.081199380844958425e+08
7.240000000000000774e-07	4.007976315188326240e+08
7.250000000000000466e-07	3.914823850592169166e+08
7.260000000000000159e-07	3.832058931464874148e+08
7.270000000000000910e-07	3.749514719641185999e+08
7.280000000000000602e-07	3.639885422140829563e+08
7.290000000000000295e-07	3.580376268199429512e+08
7.299999999999999987e-07	3.491990654585931897e+08
7.310000000000000739e-07	3.405718975115200281e+08
7.320000000000000431e-07	3.328387610667706132e+08
7.330000000000000124e-07	3.255291077170199752e+08
7.340000000000000875e-07	3.170985687668085694e+08
7.350000000000000567e-07	3.080854346587713361e+08
7.360000000000000260e-07	3.015019370203812718e+08
7.369999999999999952e-07	2.955433993527291417e+08
7.380000000000000704e-07	2.856949897859868407e+08
7.390000000000000396e-07	2.803556706920809746e+08
7.400000000000000089e-07	2.722063343487764001e+08
7.410000000000000840e-07	2.654510085453117192e+08
7.420000000000000532e-07	2.604536681569733024e+08
7.430000000000000225e-07	2.528361430591953695e+08
7.440000000000000976e-07	2.461269617770796418e+08
7.450000000000000669e-07	2.404762144522050023e+08
7.460000000000000361e-07	2.344647760217405260e+08
7.470000000000000054e-07	2.285993876775400937e+08
7.480000000000000805e-07	2.229089546903813779e+08
7.490000000000000498e-07	2.186349997426888347e+08
7.500000000000000190e-07	2.115839689616148472e+08
7.510000000000000941e-07	2.062602588596275747e+08
7.520000000000000634e-07	2.020388921642856300e+08
7.530000000000000326e-07	1.955623358551550210e+08
7.540000000000000019e-07	1.907395808296069801e+08
7.550000000000000770e-07	1.846869160877111554e+08
7.560000000000000463e-07	1.803537135321807563e+08
7.570000000000000155e-07	1.766377253644495904e+08
7.580000000000000906e-07	1.709923843042598367e+08
7.590000000000000599e-07	1.669501227321111262e+08
7.600000000000000291e-07	1.611657865558783412e+08
7.609999999999999984e-07	1.577421822399576604e+08
7.620000000000000735e-07	1.539963868384507596e+08
7.630000000000000428e-07	1.493049365600799918e+08
7.640000000000000120e-07	1.452175274157048762e+08
7.650000000000000871e-07	1.412563521848436594e+08
7.660000000000000564e-07	1.379038680535679460e+08
7.670000000000000256e-07	1.324042748119382262e+08
7.680000000000001008e-07	1.292369694900561124e+08
7.690000000000000700e-07	1.254092668878600895e+08
7.700000000000000393e-07	1.221600101193405837e+08
7.710000000000000085e-07	1.193644670078215152e+08
7.720000000000000837e-07	1.153792222936597764e+08
7.730000000000000529e-07	1.125937346345501840e+08
7.740000000000000221e-07	1.089106922750812024e+08
7.750000000000000973e-07	1.054617978783972114e+08
7.760000000000000665e-07	1.022449654846833646e+08
7.770000000000000358e-07	9.918479585429464281e+07
7.780000000000000050e-07	9.636092791578009725e+07
7.790000000000000802e-07	9.414715609196363389e+07
7.800000000000000494e-07	9.134943224608121812e+07
7.810000000000000187e-07	8.899467844228768349e+07
7.820000000000000938e-07	8.625227946971192956e+07
7.830000000000000630e-07	8.427375900269435346e+07
7.840000000000000323e-07	8.080492033424383402e+07
7.850000000000000015e-07	7.868134818705210090e+07
7.860000000000000767e-07	7.641325606835314631e+07
7.870000000000000459e-07	7.422450081095325947e+07
7.880000000000000152e-07	7.170973500598938763e+07
7.890000000000000903e-07	7.006286042338602245e+07
7.900000000000000595e-07	6.779370071174858510e+07
7.910000000000000288e-07	6.611914589014583826e+07
7.919999999999999980e-07	6.401745383990915865e+07
7.930000000000000732e-07	6.226215824301001430e+07
7.940000000000000424e-07	6.026552824479377270e+07
7.950000000000000117e-07	5.923265416138523072e+07
7.960000000000000868e-07	5.693897118253482878e+07
7.970000000000000560e-07	5.563409552742993087e+07
7.980000000000000253e-07	5.317145629087667167e+07
7.990000000000001004e-07	5.122145022320875525e+07
8.000000000000000697e-07	5.054339164572311193e+07
8.010000000000000389e-07	4.920097639051908255e+07
8.020000000000000082e-07	4.839031789764492214e+07
8.030000000000000833e-07	4.646977158682905883e+07
8.040000000000000526e-07	4.424096142065980285e+07
8.050000000000000218e-07	4.344391534317434579e+07
8.060000000000000969e-07	4.254820923173733801e+07
8.070000000000000662e-07	4.107578331441526860e+07
8.080000000000000354e-07	3.900698936603572220e+07
8.090000000000000047e-07	3.851149691827028990e+07
8.100000000000000798e-07	3.720993924497774243e+07
8.110000000000000491e-07	3.608063854057897627e+07
8.120000000000000183e-07	3.559106518898066133e+07
8.130000000000000934e-07	3.452983215074834228e+07
8.140000000000000627e-07	3.350470470950670540e+07
8.150000000000000319e-07	3.207550071629637107e+07
8.160000000000000012e-07	3.129729730392749608e+07
8.170000000000000763e-07	3.098678182021208853e+07
8.180000000000000456e-07	3.050084463940942287e+07
8.190000000000000148e-07	2.867118127740324289e+07
8.200000000000000899e-07	2.820599976065975800e+07
8.210000000000000592e-07	2.772332614331021905e+07
8.220000000000000284e-07	2.657830900160567090e+07
8.230000000000001036e-07	2.588707402723205090e+07
8.240000000000000728e-07	2.483886600433639064e+07
8.250000000000000421e-07	2.443261135262805223e+07
8.260000000000000113e-07	2.372297538236225396e+07
8.270000000000000865e-07	2.231667915979412571e+07
8.280000000000000557e-07	2.243044551755104214e+07
8.290000000000000250e-07	2.160480356529363245e+07
8.300000000000001001e-07	2.100958691908064857e+07
8.310000000000000693e-07	2.034713689432787895e+07
8.320000000000000386e-07	1.986323317032051459e+07
8.330000000000000078e-07	1.951069821592448652e+07
8.340000000000000830e-07	1.866266876054050773e+07
8.350000000000000522e-07	1.791859642469419539e+07
8.360000000000000215e-07	1.707300918011190742e+07
8.370000000000000966e-07	1.726670788620248064e+07
8.380000000000000658e-07	1.645552118186578341e+07
8.390000000000000351e-07	1.596002357126897760e+07
8.400000000000000043e-07	1.582922759498632886e+07
8.410000000000000795e-07	1.529569994353640638e+07
8.420000000000000487e-07	1.478927824012245238e+07
8.430000000000000180e-07	1.427889571563565545e+07
8.440000000000000931e-07	1.408060645304948837e+07
8.450000000000000623e-07	1.382162122249412909e+07
8.460000000000000316e-07	1.286696558478708193e+07
8.470000000000000008e-07	1.283575357864809968e+07
8.480000000000000760e-07	1.279866456666884385e+07
8.490000000000000452e-07	1.243461815653357469e+07
8.500000000000000145e-07	1.178044794255967066e+07
8.510000000000000896e-07	1.173519341767019033e+07
8.520000000000000589e-07	1.129881183269295096e+07
8.530000000000000281e-07	1.084170085911950096e+07
8.540000000000001032e-07	1.057315828818411380e+07
8.550000000000000725e-07	1.074775169945438579e+07
8.560000000000000417e-07	1.013725643752715737e+07
8.570000000000000110e-07	1.032605356605787016e+07
8.580000000000000861e-07	9.573773110823350027e+06
8.590000000000000554e-07	9.366341044132189825e+06
8.600000000000000246e-07	9.118761782384643331e+06
8.610000000000000997e-07	8.997585531742783263e+06
8.620000000000000690e-07	8.719491176058651879e+06
8.630000000000000382e-07	8.463412729781771079e+06
8.640000000000000075e-07	8.396747876894973218e+06
8.650000000000000826e-07	7.918832476873042993e+06
8.660000000000000519e-07	7.798255683676422574e+06
8.670000000000000211e-07	7.714854647341815755e+06
8.680000000000000962e-07	7.450232396131934598e+06
8.690000000000000655e-07	7.150942247006163932e+06
8.700000000000000347e-07	7.122815750145773403e+06
8.710000000000000040e-07	6.810830045766755007e+06
8.720000000000000791e-07	6.672876109892637469e+06
8.730000000000000484e-07	6.549447545164795592e+06
8.740000000000000176e-07	6.386643877255664207e+06
8.750000000000000928e-07	6.209399090248400345e+06
8.760000000000000620e-07	6.282073727772770450e+06
8.770000000000000313e-07	5.754515996747965924e+06
8.780000000000001064e-07	6.085189631205322221e+06
8.790000000000000756e-07	5.477244216378618963e+06
8.800000000000000449e-07	5.517616923052685335e+06
8.810000000000000141e-07	5.356402947982755490e+06
8.820000000000000893e-07	5.329789426842148416e+06
8.830000000000000585e-07	5.178464792143610306e+06
8.840000000000000278e-07	4.877659563984744251e+06
8.850000000000001029e-07	4.980797190026884899e+06
8.860000000000000721e-07	4.734349886122621596e+06
8.870000000000000414e-07	4.794896336967279203e+06
8.880000000000000106e-07	4.863001802342236973e+06
8.890000000000000858e-07	4.700837856494914740e+06
8.900000000000000550e-07	4.370098846675994806e+06
8.910000000000000243e-07	4.532264130221338943e+06
8.920000000000000994e-07	4.540776637452025898e+06
8.930000000000000686e-07	4.480800676978783682e+06
8.940000000000000379e-07	4.042534232332208659e+06
8.950000000000000071e-07	4.071846843254967127e+06
8.960000000000000823e-07	3.697120014686599374e+06
8.970000000000000515e-07	3.716908017350649461e+06
8.980000000000000208e-07	3.462430983587430324e+06
8.990000000000000959e-07	3.319988170136493631e+06
9.000000000000000652e-07	3.620853939797678031e+06
9.010000000000000344e-07	3.474396250579912681e+06
9.020000000000000037e-07	3.479045594811250456e+06
9.030000000000000788e-07	3.405614672401426360e+06
9.040000000000000480e-07	3.084584407541439403e+06
9.050000000000000173e-07	3.107707036890790332e+06
9.060000000000000924e-07	3.098961080258062109e+06
9.070000000000000617e-07	2.711458345386930276e+06
9.080000000000000309e-07	2.628799186487614177e+06
9.090000000000001060e-07	2.779720430995807983e+06
9.100000000000000753e-07	2.685578675015199464e+06
9.110000000000000445e-07	2.708657072983689141e+06
9.120000000000000138e-07	2.187195753310037777e+06
9.130000000000000889e-07	2.707023249958398286e+06
9.140000000000000582e-07	2.337159369442098774e+06
9.150000000000000274e-07	2.545163445523498580e+06
9.160000000000001025e-07	2.363819738514650613e+06
9.170000000000000718e-07	2.107622125472903717e+06
9.180000000000000410e-07	2.116491793761211913e+06
9.190000000000000103e-07	2.160734867223470472e+06
9.200000000000000854e-07	2.217483591670593247e+06
9.210000000000000547e-07	2.032659838076521875e+06
9.220000000000000239e-07	1.692347990843362175e+06
9.230000000000000991e-07	1.737018548635686515e+06
9.240000000000000683e-07	2.032763755074957386e+06
9.250000000000000376e-07	1.964863858106608735e+06
9.260000000000000068e-07	1.491582377178955358e+06
9.270000000000000819e-07	1.472802137197792763e+06
9.280000000000000512e-07	1.758779401912005153e+06
9.290000000000000204e-07	1.615872908484349493e+06
9.300000000000000956e-07	1.697415857869089115e+06
9.310000000000000648e-07	1.242559479899150319e+06
9.320000000000000341e-07	1.339416429494832177e+06
9.330000000000001092e-07	1.605749565255722962e+06
9.340000000000000784e-07	1.645508462816361105e+06
9.350000000000000477e-07	1.378640661868792959e+06
9.360000000000000169e-07	1.291757543513604905e+06
9.370000000000000921e-07	2.067056517377180047e+06
9.380000000000000613e-07	1.921407054502754239e+06
9.390000000000000306e-07	1.679486922302921535e+06
9.400000000000001057e-07	2.352117731688842643e+06
9.410000000000000749e-07	1.641496997240429046e+06
9.420000000000000442e-07	1.650741104695447255e+06
9.430000000000000134e-07	1.185497880678978981e+06
9.440000000000000886e-07	1.146483649086916354e+06
9.450000000000000578e-07	1.626981057843163377e+06
9.460000000000000271e-07	2.200362103948161006e+06
9.470000000000001022e-07	1.866486722391296644e+06
9.480000000000000715e-07	1.307946551199012203e+06
9.490000000000000407e-07	1.232480140107010026e+06
9.500000000000000100e-07	6.506192632414862746e+05
9.510000000000000851e-07	1.105846407031890936e+06
9.520000000000000543e-07	1.324778535324004246e+06
9.530000000000000236e-07	1.421023897458852036e+06
9.540000000000000987e-07	1.120730161298577441e+06
9.549999999999999621e-07	1.214809124015408335e+06
9.560000000000000372e-07	1.568399451015329687e+06
9.570000000000001123e-07	8.927503503220769344e+05
9.579999999999999757e-07	1.242020479783793213e+06
9.590000000000000508e-07	9.244475640100988094e+05
9.600000000000001260e-07	1.208614986083229072e+06
9.609999999999999893e-07	8.700847629520368064e+05
9.620000000000000645e-07	7.851770057427120628e+05
9.630000000000001396e-07	7.848761794991779607e+05
9.640000000000000030e-07	1.302170724402492633e+06
9.650000000000000781e-07	9.525135854117230047e+05
9.660000000000001532e-07	1.529002369028609712e+06
9.670000000000000166e-07	1.063989069844603771e+06
9.680000000000000917e-07	8.290651597470428096e+05
9.689999999999999551e-07	9.788949962584809400e+05
9.700000000000000302e-07	9.588219933929184917e+05
9.710000000000001053e-07	8.928867999322005780e+05
9.719999999999999687e-07	5.260694270197025035e+05
9.730000000000000438e-07	1.126147359139935579e+06
9.740000000000001190e-07	1.358906114409526577e+06
9.749999999999999823e-07	8.772713155408573803e+05
9.760000000000000575e-07	9.802223998502086615e+05
9.770000000000001326e-07	1.060638200858595548e+06
9.779999999999999960e-07	1.792292098165196367e+06
9.790000000000000711e-07	1.122188851555464091e+06
9.800000000000001462e-07	1.215002458253651625e+06
9.810000000000000096e-07	1.055242545791880693e+06
9.820000000000000847e-07	1.301200931917115813e+06
9.830000000000001599e-07	1.368071488254518015e+06
9.840000000000000232e-07	1.364652127383843530e+06
9.850000000000000984e-07	1.260553996779094683e+06
9.859999999999999617e-07	1.203639457669314928e+06
9.870000000000000369e-07	1.758114251413343241e+06
9.880000000000001120e-07	1.271223856270004530e+06
9.889999999999999754e-07	1.203226910655039828e+06
9.900000000000000505e-07	1.070496311388131231e+06
9.910000000000001256e-07	1.758553042732250178e+06
9.919999999999999890e-07	1.514120015760311158e+06
9.930000000000000641e-07	1.136210775168429827e+06
9.940000000000001392e-07	1.287266914393148618e+06
9.950000000000000026e-07	1.141915291894435883e+06
9.960000000000000777e-07	1.641150366661126260e+06
9.970000000000001529e-07	1.465423362417275319e+06
9.980000000000000162e-07	1.390204160549673252e+06
9.990000000000000914e-07	1.430952115113601089e+06
