lambda	I
3.000000000000000394e-07	2.188204959731896815e+04
3.010000000000000086e-07	2.675177653474286490e+04
3.020000000000000308e-07	2.323249068651734342e+04
3.030000000000000001e-07	1.883270819250740897e+04
3.040000000000000222e-07	2.079231328492686225e+04
3.050000000000000444e-07	2.560976823281179531e+04
3.060000000000000137e-07	1.946638548243483092e+04
3.070000000000000359e-07	2.165713718323605281e+04
3.080000000000000051e-07	1.932681676084643550e+04
3.090000000000000273e-07	1.907329212833365091e+04
3.099999999999999966e-07	1.958788487147635897e+04
3.110000000000000187e-07	1.657519420610364978e+04
3.120000000000000409e-07	1.871796413008126910e+04
3.130000000000000102e-07	1.940800562623102087e+04
3.140000000000000324e-07	1.867766712454316075e+04
3.150000000000000016e-07	1.537906725237672981e+04
3.160000000000000238e-07	1.863637089244118033e+04
3.170000000000000460e-07	2.079359134127900688e+04
3.180000000000000153e-07	1.491467965535478106e+04
3.190000000000000374e-07	1.869485003451603916e+04
3.200000000000000067e-07	1.631143636518961102e+04
3.210000000000000289e-07	1.794583243162798681e+04
3.219999999999999981e-07	1.863135458147020836e+04
3.230000000000000203e-07	1.451968885990039416e+04
3.240000000000000425e-07	1.749224226939485743e+04
3.250000000000000118e-07	1.662046690155212127e+04
3.260000000000000340e-07	1.697255390121030359e+04
3.270000000000000032e-07	1.260867128393994244e+04
3.280000000000000254e-07	1.545453162537370554e+04
3.289999999999999946e-07	1.723395629988113069e+04
3.300000000000000168e-07	1.343155678955610711e+04
3.310000000000000390e-07	1.392119840612267217e+04
3.320000000000000083e-07	1.316775054857707619e+04
3.330000000000000305e-07	1.471370572898296450e+04
3.339999999999999997e-07	1.474340217011515415e+04
3.350000000000000219e-07	1.151573260470316018e+04
3.360000000000000441e-07	1.743432999406480667e+04
3.370000000000000133e-07	1.227659383105929192e+04
3.380000000000000355e-07	1.487006275289963560e+04
3.390000000000000048e-07	1.334060161095545300e+04
3.400000000000000270e-07	1.399467450029181782e+04
3.409999999999999962e-07	1.471147488208799768e+04
3.420000000000000184e-07	1.224273808260550868e+04
3.430000000000000406e-07	1.384948137693771787e+04
3.440000000000000098e-07	1.496306595317445499e+04
3.450000000000000320e-07	1.459017936937511331e+04
3.460000000000000013e-07	1.302503656430952651e+04
3.470000000000000235e-07	1.277554442855777052e+04
3.480000000000000457e-07	1.268800347658848295e+04
3.490000000000000149e-07	1.309541132923841360e+04
3.500000000000000371e-07	1.500921422032253031e+04
3.510000000000000064e-07	1.446993585596369121e+04
3.520000000000000285e-07	1.593938039524947089e+04
3.529999999999999978e-07	1.425252742147258687e+04
3.540000000000000200e-07	1.266294103240590630e+04
3.550000000000000422e-07	1.476192121843708082e+04
3.560000000000000114e-07	1.551862768026155572e+04
3.570000000000000336e-07	1.462218897872929665e+04
3.580000000000000029e-07	1.218830626701101392e+04
3.590000000000000250e-07	1.533061350366175611e+04
3.600000000000000472e-07	1.601626507262160521e+04
3.610000000000000165e-07	1.429181128713133512e+04
3.620000000000000387e-07	1.420481566678850868e+04
3.630000000000000079e-07	1.617700746855514444e+04
3.640000000000000301e-07	1.544604332697911741e+04
3.649999999999999994e-07	1.315569288178907118e+04
3.660000000000000216e-07	1.556721492141996350e+04
3.670000000000000437e-07	1.572120292212102504e+04
3.680000000000000130e-07	1.186800134431645347e+04
3.690000000000000352e-07	1.515149772591399051e+04
3.700000000000000044e-07	1.464101517767239420e+04
3.710000000000000266e-07	1.504695831623942468e+04
3.720000000000000488e-07	1.386131087406999177e+04
3.730000000000000181e-07	1.558097444608459955e+04
3.740000000000000403e-07	1.542874323697011278e+04
3.750000000000000095e-07	1.751669124496003133e+04
3.760000000000000317e-07	1.353456788629194671e+04
3.770000000000000009e-07	1.261839305903897366e+04
3.780000000000000231e-07	1.382818035154809149e+04
3.790000000000000453e-07	1.020925215838337135e+04
3.800000000000000146e-07	1.381160592327189806e+04
3.810000000000000368e-07	1.402477021408535620e+04
3.820000000000000060e-07	1.382181966065317101e+04
3.830000000000000282e-07	1.268824547434095439e+04
3.840000000000000504e-07	1.274145952485268208e+04
3.850000000000000196e-07	1.777310080773516529e+04
3.860000000000000418e-07	1.636665402180102683e+04
3.870000000000000111e-07	1.827176061027530886e+04
3.880000000000000333e-07	1.610678608754440393e+04
3.890000000000000025e-07	1.391159048054722552e+04
3.900000000000000247e-07	1.436379915792036991e+04
3.910000000000000469e-07	1.582105608853701597e+04
3.920000000000000161e-07	1.521358074011230019e+04
3.930000000000000383e-07	1.481021389819445903e+04
3.940000000000000076e-07	1.321040077149778153e+04
3.950000000000000298e-07	1.565974613016532203e+04
3.959999999999999990e-07	1.516954518153571917e+04
3.970000000000000212e-07	1.626820638621016951e+04
3.980000000000000434e-07	1.683868058469474272e+04
3.990000000000000126e-07	1.638345795545138753e+04
4.000000000000000348e-07	1.608848510191895730e+04
4.010000000000000041e-07	1.842910145323420875e+04
4.020000000000000263e-07	1.835718150154478280e+04
4.030000000000000485e-07	1.671536680743918623e+04
4.040000000000000177e-07	1.838797021833063627e+04
4.050000000000000399e-07	1.795375760011873354e+04
4.060000000000000092e-07	1.882823905339212070e+04
4.070000000000000313e-07	1.925384077754598911e+04
4.080000000000000006e-07	2.073681613139523688e+04
4.090000000000000228e-07	2.058582784426691433e+04
4.100000000000000450e-07	2.082858414601127515e+04
4.110000000000000142e-07	1.907668111514796692e+04
4.120000000000000364e-07	2.729950436589567107e+04
4.130000000000000057e-07	2.742400562281101884e+04
4.140000000000000279e-07	2.841298893273451176e+04
4.150000000000000500e-07	3.338874280913278926e+04
4.160000000000000193e-07	3.435506464650734415e+04
4.170000000000000415e-07	3.861796629993944225e+04
4.180000000000000107e-07	4.015123721464315895e+04
4.190000000000000329e-07	4.632890724282548035e+04
4.200000000000000022e-07	5.308647429014128284e+04
4.210000000000000244e-07	6.024690105461981875e+04
4.220000000000000465e-07	6.467328249817681353e+04
4.230000000000000158e-07	7.320812684058162267e+04
4.240000000000000380e-07	8.195230668485509523e+04
4.250000000000000072e-07	9.578646698929948616e+04
4.260000000000000294e-07	1.080399037784480170e+05
4.270000000000000516e-07	1.208992251470719057e+05
4.280000000000000209e-07	1.356628324182620854e+05
4.290000000000000431e-07	1.507525110023382585e+05
4.300000000000000123e-07	1.671586641790016147e+05
4.310000000000000345e-07	1.864305457196934440e+05
4.320000000000000037e-07	2.066808571190329094e+05
4.330000000000000259e-07	2.327934321511723101e+05
4.340000000000000481e-07	2.520826792765370337e+05
4.350000000000000174e-07	2.770265988945502322e+05
4.360000000000000396e-07	3.041516923454320058e+05
4.370000000000000088e-07	3.361805405189315788e+05
4.380000000000000310e-07	3.747895013940764475e+05
4.390000000000000532e-07	4.171361400473042158e+05
4.400000000000000224e-07	4.641572516141326050e+05
4.410000000000000446e-07	5.350390802587690996e+05
4.420000000000000139e-07	6.095312774765462382e+05
4.430000000000000361e-07	7.196682072053964948e+05
4.440000000000000053e-07	8.452378416984427022e+05
4.450000000000000275e-07	9.836156479939771816e+05
4.460000000000000497e-07	1.155930752916335128e+06
4.470000000000000189e-07	1.347171858450352680e+06
4.480000000000000411e-07	1.552179386387573788e+06
4.490000000000000104e-07	1.776216315837651724e+06
4.500000000000000326e-07	1.987393177219796693e+06
4.510000000000000018e-07	2.178002491731767077e+06
4.520000000000000240e-07	2.328675182222910691e+06
4.530000000000000462e-07	2.437850461879897863e+06
4.540000000000000155e-07	2.473999600974636618e+06
4.550000000000000376e-07	2.443489407103565056e+06
4.560000000000000069e-07	2.373446858157233335e+06
4.570000000000000291e-07	2.258237005386151373e+06
4.580000000000000513e-07	2.118283823370927479e+06
4.590000000000000205e-07	1.975842897543290397e+06
4.600000000000000427e-07	1.865706582591031445e+06
4.610000000000000120e-07	1.768405072398989229e+06
4.620000000000000342e-07	1.704555089955228381e+06
4.630000000000000034e-07	1.676621191119049676e+06
4.640000000000000256e-07	1.666242626540133031e+06
4.650000000000000478e-07	1.665082328289745608e+06
4.660000000000000170e-07	1.669171665366992122e+06
4.670000000000000392e-07	1.674894113205932546e+06
4.680000000000000085e-07	1.664624956990666687e+06
4.690000000000000307e-07	1.644275521701436024e+06
4.700000000000000528e-07	1.590987198543754173e+06
4.710000000000000221e-07	1.547615937896728516e+06
4.720000000000000443e-07	1.491247414872002322e+06
4.730000000000000135e-07	1.421761437959176954e+06
4.740000000000000357e-07	1.363895320332446368e+06
4.750000000000000050e-07	1.313327325783577282e+06
4.760000000000000272e-07	1.277681830508260988e+06
4.770000000000000494e-07	1.253470788072224474e+06
4.780000000000000186e-07	1.248747681483994704e+06
4.789999999999999879e-07	1.256338499165089335e+06
4.800000000000000630e-07	1.272416135229852749e+06
4.810000000000000322e-07	1.296410963030491723e+06
4.820000000000000015e-07	1.338862505192202516e+06
4.830000000000000766e-07	1.366475195810840465e+06
4.840000000000000459e-07	1.404177096538800281e+06
4.850000000000000151e-07	1.450672657906644512e+06
4.859999999999999844e-07	1.479947089891744778e+06
4.870000000000000595e-07	1.512075963800177677e+06
4.880000000000000287e-07	1.543692571545864688e+06
4.889999999999999980e-07	1.575654624666889664e+06
4.900000000000000731e-07	1.608421913643266307e+06
4.910000000000000424e-07	1.642906185150501784e+06
4.920000000000000116e-07	1.682265313701509498e+06
4.929999999999999809e-07	1.727482116796249757e+06
4.940000000000000560e-07	1.778829405272960197e+06
4.950000000000000252e-07	1.805673711779870326e+06
4.959999999999999945e-07	1.844422935218814993e+06
4.970000000000000696e-07	1.895635447781414725e+06
4.980000000000000389e-07	1.928074193959017051e+06
4.990000000000000081e-07	1.982415730783568928e+06
5.000000000000000833e-07	2.041604654755731579e+06
5.010000000000000525e-07	2.075772802161584143e+06
5.020000000000000218e-07	2.108195868610647973e+06
5.029999999999999910e-07	2.153236745620053262e+06
5.040000000000000661e-07	2.194790192814263981e+06
5.050000000000000354e-07	2.227128740998376161e+06
5.060000000000000046e-07	2.266401745620199014e+06
5.070000000000000798e-07	2.288755989044884685e+06
5.080000000000000490e-07	2.331199481361979153e+06
5.090000000000000183e-07	2.353807201162599493e+06
5.099999999999999875e-07	2.385244788398806006e+06
5.110000000000000626e-07	2.425719471662113443e+06
5.120000000000000319e-07	2.452893738864915445e+06
5.130000000000000011e-07	2.476141347334320191e+06
5.140000000000000763e-07	2.503416543230495881e+06
5.150000000000000455e-07	2.542623422009492759e+06
5.160000000000000148e-07	2.565703062931378838e+06
5.169999999999999840e-07	2.601404542573150247e+06
5.180000000000000591e-07	2.637077894500127062e+06
5.190000000000000284e-07	2.671330839512336068e+06
5.199999999999999976e-07	2.709123401531625073e+06
5.210000000000000728e-07	2.742357362429986708e+06
5.220000000000000420e-07	2.776675225949093234e+06
5.230000000000000113e-07	2.815839794026186690e+06
5.239999999999999805e-07	2.852036278293795418e+06
5.250000000000000557e-07	2.889275605877898633e+06
5.260000000000000249e-07	2.936124451609743293e+06
5.269999999999999942e-07	2.985306864876931068e+06
5.280000000000000693e-07	3.023712365039023571e+06
5.290000000000000385e-07	3.058036439139313996e+06
5.300000000000000078e-07	3.105134015855500009e+06
5.310000000000000829e-07	3.143874486438040156e+06
5.320000000000000522e-07	3.196379971163212787e+06
5.330000000000000214e-07	3.247372431784542277e+06
5.339999999999999907e-07	3.304977692157915793e+06
5.350000000000000658e-07	3.363009498045647983e+06
5.360000000000000350e-07	3.406797889549756423e+06
5.370000000000000043e-07	3.437367010675747879e+06
5.380000000000000794e-07	3.490592470222963486e+06
5.390000000000000487e-07	3.547916367145684548e+06
5.400000000000000179e-07	3.597131926530341152e+06
5.409999999999999872e-07	3.635735283994164784e+06
5.420000000000000623e-07	3.669803157465058379e+06
5.430000000000000315e-07	3.719326508266926743e+06
5.440000000000000008e-07	3.774566573630449362e+06
5.450000000000000759e-07	3.810002330721663311e+06
5.460000000000000452e-07	3.860654615713735111e+06
5.470000000000000144e-07	3.898456818407155108e+06
5.479999999999999837e-07	3.936123281280011870e+06
5.490000000000000588e-07	3.970420940579548012e+06
5.500000000000000281e-07	3.984902181777399033e+06
5.509999999999999973e-07	4.011236237005674280e+06
5.520000000000000724e-07	4.042145276871137787e+06
5.530000000000000417e-07	4.060141974423956126e+06
5.540000000000000109e-07	4.075369931922713295e+06
5.550000000000000861e-07	4.091512503579147626e+06
5.560000000000000553e-07	4.100827725913667120e+06
5.570000000000000246e-07	4.110769512772346381e+06
5.579999999999999938e-07	4.105691251515841112e+06
5.590000000000000689e-07	4.108246515965418890e+06
5.600000000000000382e-07	4.097364631297254935e+06
5.610000000000000074e-07	4.104786522072546650e+06
5.620000000000000826e-07	4.106597638404846191e+06
5.630000000000000518e-07	4.081263654991776682e+06
5.640000000000000211e-07	4.083026873625604901e+06
5.649999999999999903e-07	4.058850316772560589e+06
5.660000000000000654e-07	4.072057073883462232e+06
5.670000000000000347e-07	4.042160451044596266e+06
5.680000000000000039e-07	4.032275300128908828e+06
5.690000000000000791e-07	4.009796924622502178e+06
5.700000000000000483e-07	3.992887888934519608e+06
5.710000000000000176e-07	3.975614561423167121e+06
5.719999999999999868e-07	3.974210399621973280e+06
5.730000000000000620e-07	3.951590703965900000e+06
5.740000000000000312e-07	3.930884995078484993e+06
5.750000000000000004e-07	3.918731396307860501e+06
5.760000000000000756e-07	3.901915479030409828e+06
5.770000000000000448e-07	3.896737433997519314e+06
5.780000000000000141e-07	3.905792203455221374e+06
5.789999999999999833e-07	3.889549052561010700e+06
5.800000000000000585e-07	3.896632652212468907e+06
5.810000000000000277e-07	3.904672213050350547e+06
5.819999999999999970e-07	3.900687756797850598e+06
5.830000000000000721e-07	3.899347436658476014e+06
5.840000000000000413e-07	3.919265944513018709e+06
5.850000000000000106e-07	3.942990142091238406e+06
5.860000000000000857e-07	3.971843331864246167e+06
5.870000000000000550e-07	3.988973255953038111e+06
5.880000000000000242e-07	4.009217179032940418e+06
5.889999999999999935e-07	4.050005423453043215e+06
5.900000000000000686e-07	4.111920899727750570e+06
5.910000000000000378e-07	4.144756457792535890e+06
5.920000000000000071e-07	4.195442600914545357e+06
5.930000000000000822e-07	4.249221072929041460e+06
5.940000000000000515e-07	4.300746918498104438e+06
5.950000000000000207e-07	4.379524611838771962e+06
5.959999999999999900e-07	4.444825537912574597e+06
5.970000000000000651e-07	4.535853009311213158e+06
5.980000000000000343e-07	4.615469360042923130e+06
5.990000000000000036e-07	4.706829583690247498e+06
6.000000000000000787e-07	4.792518669373037294e+06
6.010000000000000480e-07	4.886110868966573849e+06
6.020000000000000172e-07	4.984373462739350274e+06
6.029999999999999865e-07	5.106304856209014542e+06
6.040000000000000616e-07	5.208526574000106193e+06
6.050000000000000309e-07	5.330314686012258753e+06
6.060000000000000001e-07	5.419467134278038517e+06
6.070000000000000752e-07	5.553325003372626379e+06
6.080000000000000445e-07	5.672941363619404845e+06
6.090000000000000137e-07	5.774696236942468211e+06
6.100000000000000889e-07	5.907987059770222753e+06
6.110000000000000581e-07	6.031079134195722640e+06
6.120000000000000274e-07	6.166667232084518299e+06
6.129999999999999966e-07	6.288932399508900009e+06
6.140000000000000717e-07	6.423245008458645083e+06
6.150000000000000410e-07	6.551300959983794019e+06
6.160000000000000102e-07	6.675670815752361901e+06
6.170000000000000854e-07	6.826112793895388022e+06
6.180000000000000546e-07	6.937704206632114016e+06
6.190000000000000239e-07	7.072383058533614501e+06
6.199999999999999931e-07	7.187311602201031521e+06
6.210000000000000682e-07	7.328039708163538016e+06
6.220000000000000375e-07	7.438860954180374742e+06
6.230000000000000067e-07	7.537961497099163011e+06
6.240000000000000819e-07	7.645674181823330000e+06
6.250000000000000511e-07	7.767590349106714129e+06
6.260000000000000204e-07	7.871147904022459872e+06
6.269999999999999896e-07	7.955898535545789637e+06
6.280000000000000648e-07	8.024398709109160118e+06
6.290000000000000340e-07	8.156570159435531124e+06
6.300000000000000033e-07	8.214723328926901333e+06
6.310000000000000784e-07	8.290957980676415376e+06
6.320000000000000476e-07	8.339313987322554924e+06
6.330000000000000169e-07	8.394853815180348232e+06
6.340000000000000920e-07	8.483913847624538466e+06
6.350000000000000613e-07	8.524044614968461916e+06
6.360000000000000305e-07	8.587764682207364589e+06
6.369999999999999998e-07	8.605044839801764116e+06
6.380000000000000749e-07	8.661292581231791526e+06
6.390000000000000441e-07	8.693706994935257360e+06
6.400000000000000134e-07	8.712240479945706204e+06
6.410000000000000885e-07	8.718087511740336195e+06
6.420000000000000578e-07	8.748650725388469175e+06
6.430000000000000270e-07	8.793462768179778010e+06
6.439999999999999963e-07	8.792708155739026144e+06
6.450000000000000714e-07	8.813692810688514262e+06
6.460000000000000406e-07	8.836428771214742213e+06
6.470000000000000099e-07	8.860052616907333955e+06
6.480000000000000850e-07	8.855336599537387490e+06
6.490000000000000543e-07	8.881287064577383921e+06
6.500000000000000235e-07	8.889100497927920893e+06
6.509999999999999928e-07	8.912246922159399837e+06
6.520000000000000679e-07	8.919102686880037189e+06
6.530000000000000372e-07	8.926296758190458640e+06
6.540000000000000064e-07	8.957352804352894425e+06
6.550000000000000815e-07	8.955916146713808179e+06
6.560000000000000508e-07	8.975380429533859715e+06
6.570000000000000200e-07	9.003140571627352387e+06
6.579999999999999893e-07	9.025353860920026898e+06
6.590000000000000644e-07	9.044564447709312662e+06
6.600000000000000337e-07	9.069039524306794629e+06
6.610000000000000029e-07	9.097146721299853176e+06
6.620000000000000780e-07	9.138326831553705037e+06
6.630000000000000473e-07	9.176071949393428862e+06
6.640000000000000165e-07	9.216555861156722531e+06
6.650000000000000917e-07	9.277146362542053685e+06
6.660000000000000609e-07	9.316640658501768485e+06
6.670000000000000302e-07	9.367561213995879516e+06
6.679999999999999994e-07	9.412372668862806633e+06
6.690000000000000745e-07	9.502344249939447269e+06
6.700000000000000438e-07	9.559200217944137752e+06
6.710000000000000130e-07	9.618572307946531102e+06
6.720000000000000882e-07	9.707968108925966546e+06
6.730000000000000574e-07	9.817628622886432335e+06
6.740000000000000267e-07	9.892992368486490101e+06
6.749999999999999959e-07	1.000303731896038540e+07
6.760000000000000711e-07	1.007218753775747679e+07
6.770000000000000403e-07	1.017758228605635464e+07
6.780000000000000096e-07	1.027775442812468857e+07
6.790000000000000847e-07	1.040729362003858760e+07
6.800000000000000539e-07	1.048179470082089491e+07
6.810000000000000232e-07	1.061588449585187249e+07
6.819999999999999924e-07	1.072658898775063083e+07
6.830000000000000676e-07	1.082322600779647939e+07
6.840000000000000368e-07	1.091767459283091687e+07
6.850000000000000061e-07	1.104787871995057352e+07
6.860000000000000812e-07	1.118263337573007122e+07
6.870000000000000504e-07	1.126987573836563528e+07
6.880000000000000197e-07	1.135180335857386515e+07
6.890000000000000948e-07	1.146061796108081378e+07
6.900000000000000641e-07	1.163077933450841345e+07
6.910000000000000333e-07	1.184106630002086610e+07
6.920000000000000026e-07	1.217714716573050246e+07
6.930000000000000777e-07	1.251337413752400316e+07
6.940000000000000469e-07	1.268728644627575763e+07
6.950000000000000162e-07	1.251274026330545917e+07
6.960000000000000913e-07	1.230261230795151368e+07
6.970000000000000606e-07	1.213367526853099465e+07
6.980000000000000298e-07	1.209768714033548906e+07
6.989999999999999991e-07	1.207986034361686558e+07
7.000000000000000742e-07	1.209449373478555866e+07
7.010000000000000435e-07	1.208949027463172935e+07
7.020000000000000127e-07	1.212529942735038511e+07
7.030000000000000878e-07	1.210647484809119068e+07
7.040000000000000571e-07	1.212610921155723557e+07
7.050000000000000263e-07	1.213173344693510234e+07
7.059999999999999956e-07	1.211928209905801341e+07
7.070000000000000707e-07	1.209733452373679355e+07
7.080000000000000400e-07	1.205901447500395961e+07
7.090000000000000092e-07	1.201748552659834176e+07
7.100000000000000843e-07	1.196921357684753463e+07
7.110000000000000536e-07	1.187489116378197633e+07
7.120000000000000228e-07	1.184044367305588536e+07
7.129999999999999921e-07	1.175276924423581176e+07
7.140000000000000672e-07	1.168189238098964095e+07
7.150000000000000365e-07	1.161210415859499946e+07
7.160000000000000057e-07	1.147949133378131874e+07
7.170000000000000808e-07	1.137880374641385488e+07
7.180000000000000501e-07	1.123594742982487753e+07
7.190000000000000193e-07	1.111749255933317728e+07
7.200000000000000945e-07	1.100183406972348504e+07
7.210000000000000637e-07	1.093001205699187145e+07
7.220000000000000330e-07	1.076663901511364058e+07
7.230000000000000022e-07	1.064074033801723458e+07
7.240000000000000774e-07	1.051784531682461314e+07
7.250000000000000466e-07	1.038325060873886198e+07
7.260000000000000159e-07	1.024002869911296293e+07
7.270000000000000910e-07	1.009223839648539573e+07
7.280000000000000602e-07	9.950527867147514597e+06
7.290000000000000295e-07	9.820960722581762820e+06
7.299999999999999987e-07	9.649845996252108365e+06
7.310000000000000739e-07	9.494026057915532961e+06
7.320000000000000431e-07	9.336029905108904466e+06
7.330000000000000124e-07	9.169005101656898856e+06
7.340000000000000875e-07	9.025310127595929429e+06
7.350000000000000567e-07	8.901820535664606839e+06
7.360000000000000260e-07	8.709749576543001458e+06
7.369999999999999952e-07	8.557595703567782417e+06
7.380000000000000704e-07	8.388481960672518238e+06
7.390000000000000396e-07	8.239028787753200158e+06
7.400000000000000089e-07	8.083217869229587726e+06
7.410000000000000840e-07	7.917802977051503956e+06
7.420000000000000532e-07	7.773096603978022002e+06
7.430000000000000225e-07	7.635881227176594548e+06
7.440000000000000976e-07	7.468120597924245521e+06
7.450000000000000669e-07	7.320206028153162450e+06
7.460000000000000361e-07	7.169911061898010783e+06
7.470000000000000054e-07	7.045397305041175336e+06
7.480000000000000805e-07	6.894586589217708446e+06
7.490000000000000498e-07	6.746504973372979090e+06
7.500000000000000190e-07	6.610547970177216455e+06
7.510000000000000941e-07	6.457194474812566303e+06
7.520000000000000634e-07	6.329317512320296839e+06
7.530000000000000326e-07	6.174761879186733626e+06
7.540000000000000019e-07	6.033147932263480499e+06
7.550000000000000770e-07	5.914883276879681274e+06
7.560000000000000463e-07	5.776517188220646232e+06
7.570000000000000155e-07	5.638776392572865821e+06
7.580000000000000906e-07	5.499249566321993247e+06
7.590000000000000599e-07	5.377785388330199756e+06
7.600000000000000291e-07	5.253129833934257738e+06
7.609999999999999984e-07	5.137632307960662991e+06
7.620000000000000735e-07	5.000056388886441477e+06
7.630000000000000428e-07	4.880784518283341080e+06
7.640000000000000120e-07	4.735120704803977162e+06
7.650000000000000871e-07	4.631365368106766604e+06
7.660000000000000564e-07	4.539047865370003507e+06
7.670000000000000256e-07	4.424644557477292605e+06
7.680000000000001008e-07	4.312263272031206638e+06
7.690000000000000700e-07	4.196449592870886438e+06
7.700000000000000393e-07	4.096915397688550875e+06
7.710000000000000085e-07	3.995097395604395773e+06
7.720000000000000837e-07	3.887026705100511201e+06
7.730000000000000529e-07	3.773086886510503478e+06
7.740000000000000221e-07	3.671142311512664892e+06
7.750000000000000973e-07	3.583790852608720772e+06
7.760000000000000665e-07	3.508704324254433624e+06
7.770000000000000358e-07	3.406868581940738950e+06
7.780000000000000050e-07	3.321328275323595852e+06
7.790000000000000802e-07	3.231226659274884500e+06
7.800000000000000494e-07	3.142230908939016983e+06
7.810000000000000187e-07	3.059661603538517840e+06
7.820000000000000938e-07	2.963507684234453831e+06
7.830000000000000630e-07	2.884422078239190392e+06
7.840000000000000323e-07	2.818613572210509796e+06
7.850000000000000015e-07	2.729461903905719519e+06
7.860000000000000767e-07	2.658267846668100450e+06
7.870000000000000459e-07	2.588348704516565893e+06
7.880000000000000152e-07	2.521162402033879887e+06
7.890000000000000903e-07	2.458799655983658507e+06
7.900000000000000595e-07	2.386153795644815080e+06
7.910000000000000288e-07	2.306839041294091847e+06
7.919999999999999980e-07	2.245387626944895834e+06
7.930000000000000732e-07	2.187303541328623425e+06
7.940000000000000424e-07	2.116984190057207365e+06
7.950000000000000117e-07	2.068464244293475524e+06
7.960000000000000868e-07	2.020097674680908211e+06
7.970000000000000560e-07	1.961848014464505482e+06
7.980000000000000253e-07	1.891584794061883818e+06
7.990000000000001004e-07	1.839075714541028021e+06
8.000000000000000697e-07	1.787435535089195473e+06
8.010000000000000389e-07	1.740674676226053387e+06
8.020000000000000082e-07	1.692193577482930617e+06
8.030000000000000833e-07	1.649839642324455315e+06
8.040000000000000526e-07	1.601965538778514601e+06
8.050000000000000218e-07	1.545213301783557748e+06
8.060000000000000969e-07	1.520315332398877945e+06
8.070000000000000662e-07	1.479071051968934247e+06
8.080000000000000354e-07	1.409238405168581288e+06
8.090000000000000047e-07	1.370074557602072135e+06
8.100000000000000798e-07	1.348382460206628544e+06
8.110000000000000491e-07	1.312675729578536004e+06
8.120000000000000183e-07	1.264561409937054152e+06
8.130000000000000934e-07	1.236895056893887231e+06
8.140000000000000627e-07	1.207609627590045333e+06
8.150000000000000319e-07	1.166624079501903616e+06
8.160000000000000012e-07	1.135108927568773506e+06
8.170000000000000763e-07	1.110605855692509329e+06
8.180000000000000456e-07	1.060433461597409332e+06
8.190000000000000148e-07	1.038059591014581267e+06
8.200000000000000899e-07	1.015279017774963402e+06
8.210000000000000592e-07	9.875668304408326512e+05
8.220000000000000284e-07	9.579851973183370428e+05
8.230000000000001036e-07	9.315305964693783317e+05
8.240000000000000728e-07	9.027146476465344895e+05
8.250000000000000421e-07	8.624141229267717572e+05
8.260000000000000113e-07	8.528300695197673049e+05
8.270000000000000865e-07	8.388659222220972879e+05
8.280000000000000557e-07	8.047337247707757633e+05
8.290000000000000250e-07	7.787781399971022038e+05
8.300000000000001001e-07	7.607730155997006223e+05
8.310000000000000693e-07	7.384210511193594430e+05
8.320000000000000386e-07	7.145661420994825894e+05
8.330000000000000078e-07	6.950017648287264165e+05
8.340000000000000830e-07	6.723360229442827404e+05
8.350000000000000522e-07	6.569317517243110342e+05
8.360000000000000215e-07	6.383056052831729176e+05
8.370000000000000966e-07	6.171453295689052902e+05
8.380000000000000658e-07	6.047213418621238088e+05
8.390000000000000351e-07	5.814933532575160498e+05
8.400000000000000043e-07	5.732808554278067313e+05
8.410000000000000795e-07	5.554456954650136176e+05
8.420000000000000487e-07	5.351215078025419498e+05
8.430000000000000180e-07	5.234818247928591445e+05
8.440000000000000931e-07	5.047049010575132561e+05
8.450000000000000623e-07	5.033586814663679106e+05
8.460000000000000316e-07	4.756727940593129606e+05
8.470000000000000008e-07	4.579737731486861012e+05
8.480000000000000760e-07	4.465398428010758944e+05
8.490000000000000452e-07	4.493749818704392528e+05
8.500000000000000145e-07	4.300378384417943307e+05
8.510000000000000896e-07	4.150447148433519760e+05
8.520000000000000589e-07	4.052191509291123366e+05
8.530000000000000281e-07	3.975317382198052364e+05
8.540000000000001032e-07	3.825845799081093282e+05
8.550000000000000725e-07	3.716281092558256350e+05
8.560000000000000417e-07	3.614602823364068754e+05
8.570000000000000110e-07	3.519985878580456483e+05
8.580000000000000861e-07	3.420463733585376176e+05
8.590000000000000554e-07	3.264849066525800736e+05
8.600000000000000246e-07	3.243609982030602405e+05
8.610000000000000997e-07	3.135076168480511988e+05
8.620000000000000690e-07	3.073070233047300135e+05
8.630000000000000382e-07	2.972246749297073111e+05
8.640000000000000075e-07	2.878195367280570208e+05
8.650000000000000826e-07	2.756379065033332445e+05
8.660000000000000519e-07	2.712935015495824628e+05
8.670000000000000211e-07	2.612739931896628405e+05
8.680000000000000962e-07	2.481860046396726684e+05
8.690000000000000655e-07	2.480344655530046730e+05
8.700000000000000347e-07	2.429497001505281078e+05
8.710000000000000040e-07	2.318510883164001280e+05
8.720000000000000791e-07	2.289127666514710872e+05
8.730000000000000484e-07	2.211893977404525504e+05
8.740000000000000176e-07	2.167273578923381574e+05
8.750000000000000928e-07	2.110797884899842029e+05
8.760000000000000620e-07	2.003112119005172281e+05
8.770000000000000313e-07	2.017989072900943866e+05
8.780000000000001064e-07	1.935337719435497420e+05
8.790000000000000756e-07	1.890451324845366762e+05
8.800000000000000449e-07	1.888897993652450095e+05
8.810000000000000141e-07	1.789262234044495563e+05
8.820000000000000893e-07	1.736543066276554309e+05
8.830000000000000585e-07	1.674867592625705583e+05
8.840000000000000278e-07	1.666514090885744954e+05
8.850000000000001029e-07	1.645216878353808715e+05
8.860000000000000721e-07	1.613342862721060810e+05
8.870000000000000414e-07	1.497462802313934953e+05
8.880000000000000106e-07	1.509158831869058486e+05
8.890000000000000858e-07	1.442068439198911947e+05
8.900000000000000550e-07	1.416700001913405140e+05
8.910000000000000243e-07	1.385328748379606113e+05
8.920000000000000994e-07	1.363039582571401552e+05
8.930000000000000686e-07	1.345273153043987404e+05
8.940000000000000379e-07	1.294089761954008136e+05
8.950000000000000071e-07	1.252972105783026491e+05
8.960000000000000823e-07	1.222404020733273501e+05
8.970000000000000515e-07	1.195276918167299154e+05
8.980000000000000208e-07	1.150278958790130418e+05
8.990000000000000959e-07	1.159977991142106475e+05
9.000000000000000652e-07	1.118497513168145524e+05
9.010000000000000344e-07	1.060613301326731162e+05
9.020000000000000037e-07	1.031117549488013174e+05
9.030000000000000788e-07	1.018901233577184321e+05
9.040000000000000480e-07	1.014488005344682751e+05
9.050000000000000173e-07	9.640390520492941141e+04
9.060000000000000924e-07	9.011726440319679386e+04
9.070000000000000617e-07	9.037772730464799679e+04
9.080000000000000309e-07	8.964020016672607744e+04
9.090000000000001060e-07	8.822755411475377332e+04
9.100000000000000753e-07	8.504124749351784703e+04
9.110000000000000445e-07	8.191938496596658661e+04
9.120000000000000138e-07	7.339559245459038357e+04
9.130000000000000889e-07	8.021398931563740189e+04
9.140000000000000582e-07	7.737060744351225730e+04
9.150000000000000274e-07	7.923506150159038953e+04
9.160000000000001025e-07	7.082347490775355254e+04
9.170000000000000718e-07	7.093662279071964440e+04
9.180000000000000410e-07	7.001659393296523194e+04
9.190000000000000103e-07	7.255657474804832600e+04
9.200000000000000854e-07	7.046029146487964317e+04
9.210000000000000547e-07	5.998344227543441957e+04
9.220000000000000239e-07	6.452444448651946004e+04
9.230000000000000991e-07	6.152715246708114137e+04
9.240000000000000683e-07	6.241075038012330333e+04
9.250000000000000376e-07	5.851671400222776720e+04
9.260000000000000068e-07	6.053003829146361386e+04
9.270000000000000819e-07	6.012803085830501368e+04
9.280000000000000512e-07	6.138032311092416057e+04
9.290000000000000204e-07	5.621256368037353241e+04
9.300000000000000956e-07	5.473342424537705665e+04
9.310000000000000648e-07	5.430617870074394887e+04
9.320000000000000341e-07	4.970074208740638278e+04
9.330000000000001092e-07	5.286515321878838586e+04
9.340000000000000784e-07	5.379625286629904440e+04
9.350000000000000477e-07	5.120605433810766408e+04
9.360000000000000169e-07	4.907969108243504161e+04
9.370000000000000921e-07	4.897790312313129107e+04
9.380000000000000613e-07	5.259201021627958107e+04
9.390000000000000306e-07	5.130591262812525383e+04
9.400000000000001057e-07	4.574594533032074105e+04
9.410000000000000749e-07	4.642565879735204362e+04
9.420000000000000442e-07	5.180558643254272465e+04
9.430000000000000134e-07	4.601076213387188909e+04
9.440000000000000886e-07	4.676645096969523729e+04
9.450000000000000578e-07	4.373591911959712888e+04
9.460000000000000271e-07	4.568475470813090942e+04
9.470000000000001022e-07	4.422121900102314976e+04
9.480000000000000715e-07	3.858538203157367388e+04
9.490000000000000407e-07	3.669282078918922343e+04
9.500000000000000100e-07	3.683539857508107525e+04
9.510000000000000851e-07	3.354136081153815758e+04
9.520000000000000543e-07	3.488546275615734339e+04
9.530000000000000236e-07	3.526095950138268381e+04
9.540000000000000987e-07	3.683000992903530278e+04
9.549999999999999621e-07	3.431305650065228838e+04
9.560000000000000372e-07	2.676032222478424592e+04
9.570000000000001123e-07	3.345435572525614407e+04
9.579999999999999757e-07	2.916190264797571217e+04
9.590000000000000508e-07	3.237949090891389642e+04
9.600000000000001260e-07	3.049314179382615475e+04
9.609999999999999893e-07	2.792164975522327586e+04
9.620000000000000645e-07	2.534207370470480964e+04
9.630000000000001396e-07	2.423559394409910601e+04
9.640000000000000030e-07	2.697151016619137590e+04
9.650000000000000781e-07	1.762028373290781019e+04
9.660000000000001532e-07	2.483323251423775582e+04
9.670000000000000166e-07	2.373237323827709042e+04
9.680000000000000917e-07	2.024659338327963997e+04
9.689999999999999551e-07	3.134974180678622724e+04
9.700000000000000302e-07	2.301196956483395843e+04
9.710000000000001053e-07	2.108762546337386084e+04
9.719999999999999687e-07	2.685967885552470034e+04
9.730000000000000438e-07	1.998915136928953871e+04
9.740000000000001190e-07	2.025952369315812757e+04
9.749999999999999823e-07	1.857509924963182857e+04
9.760000000000000575e-07	1.836571087694665039e+04
9.770000000000001326e-07	1.693373773699239973e+04
9.779999999999999960e-07	2.267293750294224810e+04
9.790000000000000711e-07	2.238915711126443421e+04
9.800000000000001462e-07	2.331563322497068657e+04
9.810000000000000096e-07	1.839344007346195212e+04
9.820000000000000847e-07	1.827590566037076132e+04
9.830000000000001599e-07	1.577826839790086888e+04
9.840000000000000232e-07	1.871308513804269023e+04
9.850000000000000984e-07	1.387074950363060998e+04
9.859999999999999617e-07	1.243688491325666291e+04
9.870000000000000369e-07	1.399518882644810401e+04
9.880000000000001120e-07	1.445698023539050700e+04
9.889999999999999754e-07	1.555058814802044435e+04
9.900000000000000505e-07	1.882410081842793079e+04
9.910000000000001256e-07	1.682938964875471720e+04
9.919999999999999890e-07	1.946200913759773903e+04
9.930000000000000641e-07	2.194947762657060593e+04
9.940000000000001392e-07	1.388760003706656244e+04
9.950000000000000026e-07	1.754379221330663131e+04
9.960000000000000777e-07	1.590237118835582805e+04
9.970000000000001529e-07	1.809826635179849472e+04
9.980000000000000162e-07	1.899586789134184073e+04
9.990000000000000914e-07	1.850813282401020479e+04
