lambda	I
3.000000000000000394e-07	6.032200726604597876e+05
3.010000000000000086e-07	5.610527973387021339e+05
3.020000000000000308e-07	5.401628202542394865e+05
3.030000000000000001e-07	5.643960095876186388e+05
3.040000000000000222e-07	5.780982393258585362e+05
3.050000000000000444e-07	5.212098547993062530e+05
3.060000000000000137e-07	5.414287488511917181e+05
3.070000000000000359e-07	6.759521709014535882e+05
3.080000000000000051e-07	6.113647289698588429e+05
3.090000000000000273e-07	5.799068206170846242e+05
3.099999999999999966e-07	5.437166224807269173e+05
3.110000000000000187e-07	6.268077968554210383e+05
3.120000000000000409e-07	5.913124694690308534e+05
3.130000000000000102e-07	6.949282700611655600e+05
3.140000000000000324e-07	4.892204624524853425e+05
3.150000000000000016e-07	5.460005497786900960e+05
3.160000000000000238e-07	5.177396373046024819e+05
3.170000000000000460e-07	5.747538752914834768e+05
3.180000000000000153e-07	5.807792440215508686e+05
3.190000000000000374e-07	4.824303085076053976e+05
3.200000000000000067e-07	3.879316861083811382e+05
3.210000000000000289e-07	3.913832836656193831e+05
3.219999999999999981e-07	4.451743195791147882e+05
3.230000000000000203e-07	4.428590959599891212e+05
3.240000000000000425e-07	4.864904731975542963e+05
3.250000000000000118e-07	5.056987376000995282e+05
3.260000000000000340e-07	4.414937237588853459e+05
3.270000000000000032e-07	4.439618007343485369e+05
3.280000000000000254e-07	3.663697500694101909e+05
3.289999999999999946e-07	4.880344947649748065e+05
3.300000000000000168e-07	4.750321115043829195e+05
3.310000000000000390e-07	5.139037439211285091e+05
3.320000000000000083e-07	4.621324350044471212e+05
3.330000000000000305e-07	3.834297295323255821e+05
3.339999999999999997e-07	3.950921998394429102e+05
3.350000000000000219e-07	3.915346442847019644e+05
3.360000000000000441e-07	4.854831853884377633e+05
3.370000000000000133e-07	3.813271563072114950e+05
3.380000000000000355e-07	3.620434763113022782e+05
3.390000000000000048e-07	4.335975840942431823e+05
3.400000000000000270e-07	3.214328148736081785e+05
3.409999999999999962e-07	4.298820672036751639e+05
3.420000000000000184e-07	4.038865577028077096e+05
3.430000000000000406e-07	4.407200942367154639e+05
3.440000000000000098e-07	4.243311631559150992e+05
3.450000000000000320e-07	5.010896887752622133e+05
3.460000000000000013e-07	3.966045663231377257e+05
3.470000000000000235e-07	3.486197907693372108e+05
3.480000000000000457e-07	3.794312867364704725e+05
3.490000000000000149e-07	2.667233115858647507e+05
3.500000000000000371e-07	3.678759507078357274e+05
3.510000000000000064e-07	3.696558812942224322e+05
3.520000000000000285e-07	3.707940025759139680e+05
3.529999999999999978e-07	4.346073308422035770e+05
3.540000000000000200e-07	4.507305018036223482e+05
3.550000000000000422e-07	4.673090011458689114e+05
3.560000000000000114e-07	4.648035159388019238e+05
3.570000000000000336e-07	4.722751459149849252e+05
3.580000000000000029e-07	4.591999858874441707e+05
3.590000000000000250e-07	4.379378393928126898e+05
3.600000000000000472e-07	4.777731507494664402e+05
3.610000000000000165e-07	5.128775489785118843e+05
3.620000000000000387e-07	4.635982518248253036e+05
3.630000000000000079e-07	3.877314802691038349e+05
3.640000000000000301e-07	5.137192952923280536e+05
3.649999999999999994e-07	5.216377766732178279e+05
3.660000000000000216e-07	4.986625077692861087e+05
3.670000000000000437e-07	5.231852961940557580e+05
3.680000000000000130e-07	5.264865124207084300e+05
3.690000000000000352e-07	4.856766545309968060e+05
3.700000000000000044e-07	4.925087491835519904e+05
3.710000000000000266e-07	5.546570850430499995e+05
3.720000000000000488e-07	4.647194328291022684e+05
3.730000000000000181e-07	4.818194290413966519e+05
3.740000000000000403e-07	4.459866908078492270e+05
3.750000000000000095e-07	4.849694915369091323e+05
3.760000000000000317e-07	4.115106031384741073e+05
3.770000000000000009e-07	5.278728271027916344e+05
3.780000000000000231e-07	5.256369733332856558e+05
3.790000000000000453e-07	5.482716308240890503e+05
3.800000000000000146e-07	4.089103835167806246e+05
3.810000000000000368e-07	5.301472172887327615e+05
3.820000000000000060e-07	4.588855636115230736e+05
3.830000000000000282e-07	4.843088683221315150e+05
3.840000000000000504e-07	5.103423733658259735e+05
3.850000000000000196e-07	5.136106338092110236e+05
3.860000000000000418e-07	4.681321737066977657e+05
3.870000000000000111e-07	4.702576458083767211e+05
3.880000000000000333e-07	5.075997349890868063e+05
3.890000000000000025e-07	5.209254858646750799e+05
3.900000000000000247e-07	4.650680473320193123e+05
3.910000000000000469e-07	4.880292519895503065e+05
3.920000000000000161e-07	5.478143998646865366e+05
3.930000000000000383e-07	4.932207643334284076e+05
3.940000000000000076e-07	5.713279632180103799e+05
3.950000000000000298e-07	5.727052321071380284e+05
3.959999999999999990e-07	5.747948488238640130e+05
3.970000000000000212e-07	5.659368700212766416e+05
3.980000000000000434e-07	5.478363160979045788e+05
3.990000000000000126e-07	5.658139045242270222e+05
4.000000000000000348e-07	6.015229525175000308e+05
4.010000000000000041e-07	5.954385922694315668e+05
4.020000000000000263e-07	7.184538466104379622e+05
4.030000000000000485e-07	6.747250964934321819e+05
4.040000000000000177e-07	7.268079211586373858e+05
4.050000000000000399e-07	7.312546912432969548e+05
4.060000000000000092e-07	7.795369334322157083e+05
4.070000000000000313e-07	8.203093314942186698e+05
4.080000000000000006e-07	8.636278481290541822e+05
4.090000000000000228e-07	9.461064424555215519e+05
4.100000000000000450e-07	1.061099057247145334e+06
4.110000000000000142e-07	1.167494353686081944e+06
4.120000000000000364e-07	1.161632951133326860e+06
4.130000000000000057e-07	1.284679920108811231e+06
4.140000000000000279e-07	1.429979570599613478e+06
4.150000000000000500e-07	1.630571402168198023e+06
4.160000000000000193e-07	1.713851846584698185e+06
4.170000000000000415e-07	1.943846856952060713e+06
4.180000000000000107e-07	2.156717184083717875e+06
4.190000000000000329e-07	2.477971923455719836e+06
4.200000000000000022e-07	2.744483147512214724e+06
4.210000000000000244e-07	3.060784252029097173e+06
4.220000000000000465e-07	3.574986011324354447e+06
4.230000000000000158e-07	4.021448863672066480e+06
4.240000000000000380e-07	4.567132758093406446e+06
4.250000000000000072e-07	5.182829596723609604e+06
4.260000000000000294e-07	5.813613470939903520e+06
4.270000000000000516e-07	6.544269167921249755e+06
4.280000000000000209e-07	7.253721199302299879e+06
4.290000000000000431e-07	8.065733607559052296e+06
4.300000000000000123e-07	9.085220918034749106e+06
4.310000000000000345e-07	1.000993635632993281e+07
4.320000000000000037e-07	1.104732894577718899e+07
4.330000000000000259e-07	1.217482767670044675e+07
4.340000000000000481e-07	1.345556844501218200e+07
4.350000000000000174e-07	1.474536779007114097e+07
4.360000000000000396e-07	1.617999297813618369e+07
4.370000000000000088e-07	1.796561676062775776e+07
4.380000000000000310e-07	1.985671143288977817e+07
4.390000000000000532e-07	2.229019318371346220e+07
4.400000000000000224e-07	2.520927149389395490e+07
4.410000000000000446e-07	2.868203840820407122e+07
4.420000000000000139e-07	3.269108774001476541e+07
4.430000000000000361e-07	3.748055372879490256e+07
4.440000000000000053e-07	4.344177639562010765e+07
4.450000000000000275e-07	4.994561663505522907e+07
4.460000000000000497e-07	5.735304947675021738e+07
4.470000000000000189e-07	6.529212233795124292e+07
4.480000000000000411e-07	7.334582537705627084e+07
4.490000000000000104e-07	8.158282151001170278e+07
4.500000000000000326e-07	8.880894153000517190e+07
4.510000000000000018e-07	9.440532525927336514e+07
4.520000000000000240e-07	9.833709872186300159e+07
4.530000000000000462e-07	1.001979687961153984e+08
4.540000000000000155e-07	9.908765101210802794e+07
4.550000000000000376e-07	9.581699030159898102e+07
4.560000000000000069e-07	9.168059064360633492e+07
4.570000000000000291e-07	8.660021516440774500e+07
4.580000000000000513e-07	8.020579600918100774e+07
4.590000000000000205e-07	7.500307503810222447e+07
4.600000000000000427e-07	7.033457758366276324e+07
4.610000000000000120e-07	6.728118958858960867e+07
4.620000000000000342e-07	6.484167274291314930e+07
4.630000000000000034e-07	6.379147208911833912e+07
4.640000000000000256e-07	6.329935651281412691e+07
4.650000000000000478e-07	6.318901327644719929e+07
4.660000000000000170e-07	6.339383545608931780e+07
4.670000000000000392e-07	6.322782301457210630e+07
4.680000000000000085e-07	6.236190166265904903e+07
4.690000000000000307e-07	6.151580845726390183e+07
4.700000000000000528e-07	5.979908403997632861e+07
4.710000000000000221e-07	5.765629632681873441e+07
4.720000000000000443e-07	5.573949618842487782e+07
4.730000000000000135e-07	5.366109115581944585e+07
4.740000000000000357e-07	5.187299185754308105e+07
4.750000000000000050e-07	5.041207337298396975e+07
4.760000000000000272e-07	4.946458120437692106e+07
4.770000000000000494e-07	4.946109852641049027e+07
4.780000000000000186e-07	4.957584920595664531e+07
4.789999999999999879e-07	5.041351355880229920e+07
4.800000000000000630e-07	5.129978180360622704e+07
4.810000000000000322e-07	5.279492642398286611e+07
4.820000000000000015e-07	5.404732564780677110e+07
4.830000000000000766e-07	5.588738062245213240e+07
4.840000000000000459e-07	5.766591634080822021e+07
4.850000000000000151e-07	5.951028315535991639e+07
4.859999999999999844e-07	6.099895702794335783e+07
4.870000000000000595e-07	6.259204629649578780e+07
4.880000000000000287e-07	6.416601331918976456e+07
4.889999999999999980e-07	6.579663072153257579e+07
4.900000000000000731e-07	6.793766323017644882e+07
4.910000000000000424e-07	6.984621067389948666e+07
4.920000000000000116e-07	7.213053150812049210e+07
4.929999999999999809e-07	7.416446464497950673e+07
4.940000000000000560e-07	7.594200257511062920e+07
4.950000000000000252e-07	7.800896227301916480e+07
4.959999999999999945e-07	8.037214710566337407e+07
4.970000000000000696e-07	8.267229306410908699e+07
4.980000000000000389e-07	8.471696563093395531e+07
4.990000000000000081e-07	8.700284368408636749e+07
5.000000000000000833e-07	8.903617489318834245e+07
5.010000000000000525e-07	9.089877215101394057e+07
5.020000000000000218e-07	9.294075090431545675e+07
5.029999999999999910e-07	9.420649144832709432e+07
5.040000000000000661e-07	9.622005538234142959e+07
5.050000000000000354e-07	9.809167919802840054e+07
5.060000000000000046e-07	9.968052009967559576e+07
5.070000000000000798e-07	1.012219656555988193e+08
5.080000000000000490e-07	1.027255968093588203e+08
5.090000000000000183e-07	1.041648805420601368e+08
5.099999999999999875e-07	1.051136214949600846e+08
5.110000000000000626e-07	1.066959145598153919e+08
5.120000000000000319e-07	1.080429442579136640e+08
5.130000000000000011e-07	1.092235432918531597e+08
5.140000000000000763e-07	1.103698894289258569e+08
5.150000000000000455e-07	1.114194073729809225e+08
5.160000000000000148e-07	1.128926290074867755e+08
5.169999999999999840e-07	1.140309417317364365e+08
5.180000000000000591e-07	1.152933377404600680e+08
5.190000000000000284e-07	1.167623945152121633e+08
5.199999999999999976e-07	1.180442678237381130e+08
5.210000000000000728e-07	1.194157595947429091e+08
5.220000000000000420e-07	1.208847168675840497e+08
5.230000000000000113e-07	1.221747127197706252e+08
5.239999999999999805e-07	1.231224580099280179e+08
5.250000000000000557e-07	1.250463096629588455e+08
5.260000000000000249e-07	1.262375715382714719e+08
5.269999999999999942e-07	1.274859377234883755e+08
5.280000000000000693e-07	1.295631345578071326e+08
5.290000000000000385e-07	1.309916788069784045e+08
5.300000000000000078e-07	1.322034139643461555e+08
5.310000000000000829e-07	1.344899366109051704e+08
5.320000000000000522e-07	1.354394295898669660e+08
5.330000000000000214e-07	1.367985663244277835e+08
5.339999999999999907e-07	1.386897176532533467e+08
5.350000000000000658e-07	1.411970822221719325e+08
5.360000000000000350e-07	1.420323305923204720e+08
5.370000000000000043e-07	1.436938258318265676e+08
5.380000000000000794e-07	1.456614204873526990e+08
5.390000000000000487e-07	1.472417427711153626e+08
5.400000000000000179e-07	1.491677265108649731e+08
5.409999999999999872e-07	1.507769329310230911e+08
5.420000000000000623e-07	1.524928802323726714e+08
5.430000000000000315e-07	1.539706934102738500e+08
5.440000000000000008e-07	1.554904514352732897e+08
5.450000000000000759e-07	1.565944914607727230e+08
5.460000000000000452e-07	1.579877198701595962e+08
5.470000000000000144e-07	1.599135704746280909e+08
5.479999999999999837e-07	1.610390705832173526e+08
5.490000000000000588e-07	1.624990744141462147e+08
5.500000000000000281e-07	1.639845284953489006e+08
5.509999999999999973e-07	1.653453714634065330e+08
5.520000000000000724e-07	1.662279416088475883e+08
5.530000000000000417e-07	1.670398961211556196e+08
5.540000000000000109e-07	1.677958065581541955e+08
5.550000000000000861e-07	1.687236177056138217e+08
5.560000000000000553e-07	1.699889409622087777e+08
5.570000000000000246e-07	1.704367643790256977e+08
5.579999999999999938e-07	1.712638822813321650e+08
5.590000000000000689e-07	1.717928832792272270e+08
5.600000000000000382e-07	1.720490749136410952e+08
5.610000000000000074e-07	1.722156957879231274e+08
5.620000000000000826e-07	1.726383283894666135e+08
5.630000000000000518e-07	1.733526479118263721e+08
5.640000000000000211e-07	1.731286503684261441e+08
5.649999999999999903e-07	1.737539023838219047e+08
5.660000000000000654e-07	1.735546723168936074e+08
5.670000000000000347e-07	1.740610673068973124e+08
5.680000000000000039e-07	1.738494540047176182e+08
5.690000000000000791e-07	1.741262479594009817e+08
5.700000000000000483e-07	1.737901242459050417e+08
5.710000000000000176e-07	1.747505281859034896e+08
5.719999999999999868e-07	1.742046609846483469e+08
5.730000000000000620e-07	1.741516963845965564e+08
5.740000000000000312e-07	1.743781225260864496e+08
5.750000000000000004e-07	1.750625268223145306e+08
5.760000000000000756e-07	1.748181465823659301e+08
5.770000000000000448e-07	1.753724224361641705e+08
5.780000000000000141e-07	1.757077777533230484e+08
5.789999999999999833e-07	1.755596444865224957e+08
5.800000000000000585e-07	1.765710073398117423e+08
5.810000000000000277e-07	1.773760130266800821e+08
5.819999999999999970e-07	1.777436468875974715e+08
5.830000000000000721e-07	1.787944444164474905e+08
5.840000000000000413e-07	1.797144054748977721e+08
5.850000000000000106e-07	1.809622504997894168e+08
5.860000000000000857e-07	1.823679765033717752e+08
5.870000000000000550e-07	1.834718292465631068e+08
5.880000000000000242e-07	1.847045858158930242e+08
5.889999999999999935e-07	1.865319718363595009e+08
5.900000000000000686e-07	1.881301285180174708e+08
5.910000000000000378e-07	1.896446135173473954e+08
5.920000000000000071e-07	1.922158607787950337e+08
5.930000000000000822e-07	1.941636933935748041e+08
5.940000000000000515e-07	1.974096556825128496e+08
5.950000000000000207e-07	1.990317699999263287e+08
5.959999999999999900e-07	2.013440768556240797e+08
5.970000000000000651e-07	2.048624440087590218e+08
5.980000000000000343e-07	2.075140505571044683e+08
5.990000000000000036e-07	2.105488306885215640e+08
6.000000000000000787e-07	2.143380209299921393e+08
6.010000000000000480e-07	2.175416278307213187e+08
6.020000000000000172e-07	2.203774095956764519e+08
6.029999999999999865e-07	2.238149415913212597e+08
6.040000000000000616e-07	2.275400357055188119e+08
6.050000000000000309e-07	2.317988663734761178e+08
6.060000000000000001e-07	2.351735264687561989e+08
6.070000000000000752e-07	2.389940163452384770e+08
6.080000000000000445e-07	2.432794773954124153e+08
6.090000000000000137e-07	2.468915704704665244e+08
6.100000000000000889e-07	2.509497156624660492e+08
6.110000000000000581e-07	2.552843088454732597e+08
6.120000000000000274e-07	2.593477603398459554e+08
6.129999999999999966e-07	2.633310285483436286e+08
6.140000000000000717e-07	2.674358723962678611e+08
6.150000000000000410e-07	2.713366530961752534e+08
6.160000000000000102e-07	2.752896628870406151e+08
6.170000000000000854e-07	2.783594922280923724e+08
6.180000000000000546e-07	2.826447685038135648e+08
6.190000000000000239e-07	2.864814983552830219e+08
6.199999999999999931e-07	2.907673310955689549e+08
6.210000000000000682e-07	2.936011705395580530e+08
6.220000000000000375e-07	2.980134111940430403e+08
6.230000000000000067e-07	3.012157372840381861e+08
6.240000000000000819e-07	3.039326924509581923e+08
6.250000000000000511e-07	3.072358588802470565e+08
6.260000000000000204e-07	3.100252471331485510e+08
6.269999999999999896e-07	3.125319017948458195e+08
6.280000000000000648e-07	3.143045665147361159e+08
6.290000000000000340e-07	3.173727190312342048e+08
6.300000000000000033e-07	3.191554038914452195e+08
6.310000000000000784e-07	3.214653046310473084e+08
6.320000000000000476e-07	3.229167602178227305e+08
6.330000000000000169e-07	3.238928577204544544e+08
6.340000000000000920e-07	3.250847276565774083e+08
6.350000000000000613e-07	3.264043126897184849e+08
6.360000000000000305e-07	3.280102265373176932e+08
6.369999999999999998e-07	3.280034074123099446e+08
6.380000000000000749e-07	3.289082308249226809e+08
6.390000000000000441e-07	3.296406438275316358e+08
6.400000000000000134e-07	3.293294740028512478e+08
6.410000000000000885e-07	3.294050592163544297e+08
6.420000000000000578e-07	3.294423792368613482e+08
6.430000000000000270e-07	3.299735261742225885e+08
6.439999999999999963e-07	3.291342654234242439e+08
6.450000000000000714e-07	3.281899154360277057e+08
6.460000000000000406e-07	3.284341247860429883e+08
6.470000000000000099e-07	3.266932532824158669e+08
6.480000000000000850e-07	3.263436954220052958e+08
6.490000000000000543e-07	3.255615237248659134e+08
6.500000000000000235e-07	3.248914060376579762e+08
6.509999999999999928e-07	3.229132149049233794e+08
6.520000000000000679e-07	3.228391711949923635e+08
6.530000000000000372e-07	3.214587843647621870e+08
6.540000000000000064e-07	3.208400846118346453e+08
6.550000000000000815e-07	3.193456342178080082e+08
6.560000000000000508e-07	3.173088525241775513e+08
6.570000000000000200e-07	3.162410965854396224e+08
6.579999999999999893e-07	3.147621463570667505e+08
6.590000000000000644e-07	3.138041075150001049e+08
6.600000000000000337e-07	3.126714541865183711e+08
6.610000000000000029e-07	3.102624696188009977e+08
6.620000000000000780e-07	3.095867121918756962e+08
6.630000000000000473e-07	3.081606915393227339e+08
6.640000000000000165e-07	3.068526378114442229e+08
6.650000000000000917e-07	3.055326577945557833e+08
6.660000000000000609e-07	3.034635009745474458e+08
6.670000000000000302e-07	3.020581513272870183e+08
6.679999999999999994e-07	3.007577920498793721e+08
6.690000000000000745e-07	3.002317268917901516e+08
6.700000000000000438e-07	2.990242054852709174e+08
6.710000000000000130e-07	2.974766430091403723e+08
6.720000000000000882e-07	2.965556427701534629e+08
6.730000000000000574e-07	2.952384987073183060e+08
6.740000000000000267e-07	2.941965492370684743e+08
6.749999999999999959e-07	2.930896527298097014e+08
6.760000000000000711e-07	2.918181676636562943e+08
6.770000000000000403e-07	2.905163521033618450e+08
6.780000000000000096e-07	2.891284984427731037e+08
6.790000000000000847e-07	2.873544999070827961e+08
6.800000000000000539e-07	2.866461825122171044e+08
6.810000000000000232e-07	2.854441561475688219e+08
6.819999999999999924e-07	2.843404279639771581e+08
6.830000000000000676e-07	2.826834143581259251e+08
6.840000000000000368e-07	2.815800590909316540e+08
6.850000000000000061e-07	2.805042167861816883e+08
6.860000000000000812e-07	2.795979375537984371e+08
6.870000000000000504e-07	2.771897790657586455e+08
6.880000000000000197e-07	2.762638465227612853e+08
6.890000000000000948e-07	2.752706041596028805e+08
6.900000000000000641e-07	2.741227467219452262e+08
6.910000000000000333e-07	2.761848014774923325e+08
6.920000000000000026e-07	2.802028213111510277e+08
6.930000000000000777e-07	2.848862366158999205e+08
6.940000000000000469e-07	2.836090163625070453e+08
6.950000000000000162e-07	2.772561981862201691e+08
6.960000000000000913e-07	2.694373962384580970e+08
6.970000000000000606e-07	2.624687225925714672e+08
6.980000000000000298e-07	2.583202357887632251e+08
6.989999999999999991e-07	2.552350453916642368e+08
7.000000000000000742e-07	2.528634494354213178e+08
7.010000000000000435e-07	2.508367993784261346e+08
7.020000000000000127e-07	2.481055100559481978e+08
7.030000000000000878e-07	2.455655931619646847e+08
7.040000000000000571e-07	2.437471931934532523e+08
7.050000000000000263e-07	2.417803186555187404e+08
7.059999999999999956e-07	2.388351532896057367e+08
7.070000000000000707e-07	2.361744653156738579e+08
7.080000000000000400e-07	2.328849765324730575e+08
7.090000000000000092e-07	2.302933467426749766e+08
7.100000000000000843e-07	2.270681976250637770e+08
7.110000000000000536e-07	2.240456792128277123e+08
7.120000000000000228e-07	2.211819384207501113e+08
7.129999999999999921e-07	2.183740638936553597e+08
7.140000000000000672e-07	2.153335554316226542e+08
7.150000000000000365e-07	2.121470301758329868e+08
7.160000000000000057e-07	2.088858653637089431e+08
7.170000000000000808e-07	2.059166559661838412e+08
7.180000000000000501e-07	2.023261742149838805e+08
7.190000000000000193e-07	1.985054609929511547e+08
7.200000000000000945e-07	1.953545686943735480e+08
7.210000000000000637e-07	1.922278035128925443e+08
7.220000000000000330e-07	1.884281107119407654e+08
7.230000000000000022e-07	1.851618983808294833e+08
7.240000000000000774e-07	1.826492015919889212e+08
7.250000000000000466e-07	1.793640277713336349e+08
7.260000000000000159e-07	1.760653297148744762e+08
7.270000000000000910e-07	1.727146057128338516e+08
7.280000000000000602e-07	1.696728738706296086e+08
7.290000000000000295e-07	1.664714676800508201e+08
7.299999999999999987e-07	1.632950458400366604e+08
7.310000000000000739e-07	1.598859192115841806e+08
7.320000000000000431e-07	1.568562283427685201e+08
7.330000000000000124e-07	1.536819059578136206e+08
7.340000000000000875e-07	1.502227714240947068e+08
7.350000000000000567e-07	1.472591938337126374e+08
7.360000000000000260e-07	1.443882353464231491e+08
7.369999999999999952e-07	1.408655911439523101e+08
7.380000000000000704e-07	1.383366384354673326e+08
7.390000000000000396e-07	1.348659677939696014e+08
7.400000000000000089e-07	1.318356757538160831e+08
7.410000000000000840e-07	1.286559782111370862e+08
7.420000000000000532e-07	1.260956124740927666e+08
7.430000000000000225e-07	1.233171956555269808e+08
7.440000000000000976e-07	1.206633882143336833e+08
7.450000000000000669e-07	1.176212017034331113e+08
7.460000000000000361e-07	1.153209433236438632e+08
7.470000000000000054e-07	1.127353249091576338e+08
7.480000000000000805e-07	1.099649208077790737e+08
7.490000000000000498e-07	1.078253160549808443e+08
7.500000000000000190e-07	1.054102801780473143e+08
7.510000000000000941e-07	1.022642113280019909e+08
7.520000000000000634e-07	1.000827400762950629e+08
7.530000000000000326e-07	9.797116743553055823e+07
7.540000000000000019e-07	9.527060081872685254e+07
7.550000000000000770e-07	9.293990834730248153e+07
7.560000000000000463e-07	9.083326803260856867e+07
7.570000000000000155e-07	8.787716869163759053e+07
7.580000000000000906e-07	8.604838437801665068e+07
7.590000000000000599e-07	8.400312478768728673e+07
7.600000000000000291e-07	8.160562364659871161e+07
7.609999999999999984e-07	7.968577916211158037e+07
7.620000000000000735e-07	7.774787078616753221e+07
7.630000000000000428e-07	7.569108439983944595e+07
7.640000000000000120e-07	7.395123726472295821e+07
7.650000000000000871e-07	7.166106473410394788e+07
7.660000000000000564e-07	6.988736328929919004e+07
7.670000000000000256e-07	6.798557025019904971e+07
7.680000000000001008e-07	6.600551082175537199e+07
7.690000000000000700e-07	6.408895562835763395e+07
7.700000000000000393e-07	6.273528948055974394e+07
7.710000000000000085e-07	6.119913607012292743e+07
7.720000000000000837e-07	5.926643492020977288e+07
7.730000000000000529e-07	5.744636943552214652e+07
7.740000000000000221e-07	5.622810651189754158e+07
7.750000000000000973e-07	5.446455719288241863e+07
7.760000000000000665e-07	5.297963043041406572e+07
7.770000000000000358e-07	5.188300833948192745e+07
7.780000000000000050e-07	5.023165955442253500e+07
7.790000000000000802e-07	4.854835557026895136e+07
7.800000000000000494e-07	4.769646643905656785e+07
7.810000000000000187e-07	4.621955440275721252e+07
7.820000000000000938e-07	4.461564252324185520e+07
7.830000000000000630e-07	4.365589145236718655e+07
7.840000000000000323e-07	4.228392731598812342e+07
7.850000000000000015e-07	4.099935583735600114e+07
7.860000000000000767e-07	3.970816591276551783e+07
7.870000000000000459e-07	3.876096929056517035e+07
7.880000000000000152e-07	3.762751022445703298e+07
7.890000000000000903e-07	3.666622179001784325e+07
7.900000000000000595e-07	3.587701557202001661e+07
7.910000000000000288e-07	3.436861042590068281e+07
7.919999999999999980e-07	3.355263217147051170e+07
7.930000000000000732e-07	3.248917786266865209e+07
7.940000000000000424e-07	3.128164388541594520e+07
7.950000000000000117e-07	3.059084047861166671e+07
7.960000000000000868e-07	2.970101848153641820e+07
7.970000000000000560e-07	2.897838202934351191e+07
7.980000000000000253e-07	2.795905018361015245e+07
7.990000000000001004e-07	2.744317017431402951e+07
8.000000000000000697e-07	2.650827435310085863e+07
8.010000000000000389e-07	2.601545365813578665e+07
8.020000000000000082e-07	2.512596522711385041e+07
8.030000000000000833e-07	2.417770157536162436e+07
8.040000000000000526e-07	2.343072465453086421e+07
8.050000000000000218e-07	2.276269846123787388e+07
8.060000000000000969e-07	2.225988177575706691e+07
8.070000000000000662e-07	2.173948259516764805e+07
8.080000000000000354e-07	2.076169613029657304e+07
8.090000000000000047e-07	2.009992762630394474e+07
8.100000000000000798e-07	1.972261214763110876e+07
8.110000000000000491e-07	1.925778313969467953e+07
8.120000000000000183e-07	1.867491783050907776e+07
8.130000000000000934e-07	1.824722103051920980e+07
8.140000000000000627e-07	1.753036023347845674e+07
8.150000000000000319e-07	1.694599900483453274e+07
8.160000000000000012e-07	1.659855367878614739e+07
8.170000000000000763e-07	1.608502482143325172e+07
8.180000000000000456e-07	1.565171324941368587e+07
8.190000000000000148e-07	1.522835138611540571e+07
8.200000000000000899e-07	1.487968185591924563e+07
8.210000000000000592e-07	1.446776397095159069e+07
8.220000000000000284e-07	1.384307199519763142e+07
8.230000000000001036e-07	1.354640446980778128e+07
8.240000000000000728e-07	1.326493208149457164e+07
8.250000000000000421e-07	1.282016103812138736e+07
8.260000000000000113e-07	1.240356582029261626e+07
8.270000000000000865e-07	1.207463387360011600e+07
8.280000000000000557e-07	1.172014685743264295e+07
8.290000000000000250e-07	1.137998813350215554e+07
8.300000000000001001e-07	1.113378939456998557e+07
8.310000000000000693e-07	1.065932356888955086e+07
8.320000000000000386e-07	1.052775827572403289e+07
8.330000000000000078e-07	1.011725684959084541e+07
8.340000000000000830e-07	9.899145758433295414e+06
8.350000000000000522e-07	9.665994413455858827e+06
8.360000000000000215e-07	9.319595606478057802e+06
8.370000000000000966e-07	9.133503188966661692e+06
8.380000000000000658e-07	8.919399505867062137e+06
8.390000000000000351e-07	8.483082781904926524e+06
8.400000000000000043e-07	8.328350483834967017e+06
8.410000000000000795e-07	8.126971305934968404e+06
8.420000000000000487e-07	7.936488126580242999e+06
8.430000000000000180e-07	7.691997092867212370e+06
8.440000000000000931e-07	7.419696134285479784e+06
8.450000000000000623e-07	7.310834617339523509e+06
8.460000000000000316e-07	7.132743583506714553e+06
8.470000000000000008e-07	6.896716303487730213e+06
8.480000000000000760e-07	6.565612320043629035e+06
8.490000000000000452e-07	6.321382230876214802e+06
8.500000000000000145e-07	6.198363739613601938e+06
8.510000000000000896e-07	6.176473828316519037e+06
8.520000000000000589e-07	5.912161280038795434e+06
8.530000000000000281e-07	5.787401280146776699e+06
8.540000000000001032e-07	5.665570032143773511e+06
8.550000000000000725e-07	5.495364464328810573e+06
8.560000000000000417e-07	5.255957910600076430e+06
8.570000000000000110e-07	5.158712053102433681e+06
8.580000000000000861e-07	5.002185582554239780e+06
8.590000000000000554e-07	4.843045136236587539e+06
8.600000000000000246e-07	4.710063417370444164e+06
8.610000000000000997e-07	4.462941117270337418e+06
8.620000000000000690e-07	4.521072835635717958e+06
8.630000000000000382e-07	4.304957369560313411e+06
8.640000000000000075e-07	4.195789278189402074e+06
8.650000000000000826e-07	4.005503052105501760e+06
8.660000000000000519e-07	4.006023095616640523e+06
8.670000000000000211e-07	3.884438692458253819e+06
8.680000000000000962e-07	3.767630470694427844e+06
8.690000000000000655e-07	3.601596690447342116e+06
8.700000000000000347e-07	3.620144040837419219e+06
8.710000000000000040e-07	3.496954460156616289e+06
8.720000000000000791e-07	3.373621639526227489e+06
8.730000000000000484e-07	3.249991104484002106e+06
8.740000000000000176e-07	3.327174894563696347e+06
8.750000000000000928e-07	3.096099775509919506e+06
8.760000000000000620e-07	3.026782763492367230e+06
8.770000000000000313e-07	2.897131231990692671e+06
8.780000000000001064e-07	2.877541681374424603e+06
8.790000000000000756e-07	2.752544118033215869e+06
8.800000000000000449e-07	2.765034420816636644e+06
8.810000000000000141e-07	2.525962809209618717e+06
8.820000000000000893e-07	2.590608452505512163e+06
8.830000000000000585e-07	2.434158475071679335e+06
8.840000000000000278e-07	2.499783200671196915e+06
8.850000000000001029e-07	2.423125521449598484e+06
8.860000000000000721e-07	2.374542190042582806e+06
8.870000000000000414e-07	2.495652614993258379e+06
8.880000000000000106e-07	2.275265852800185792e+06
8.890000000000000858e-07	2.187481014548050240e+06
8.900000000000000550e-07	2.155817921369963326e+06
8.910000000000000243e-07	2.102749720567094162e+06
8.920000000000000994e-07	2.060806221179773798e+06
8.930000000000000686e-07	1.994749424026230117e+06
8.940000000000000379e-07	1.934542976124010980e+06
8.950000000000000071e-07	1.880209528732306324e+06
8.960000000000000823e-07	1.983369991794182919e+06
8.970000000000000515e-07	1.732038166360670701e+06
8.980000000000000208e-07	1.726743403383385623e+06
8.990000000000000959e-07	1.723683712781968294e+06
9.000000000000000652e-07	1.666957810219725827e+06
9.010000000000000344e-07	1.652076998801249778e+06
9.020000000000000037e-07	1.493398125466128811e+06
9.030000000000000788e-07	1.475038379941930296e+06
9.040000000000000480e-07	1.492597126794805983e+06
9.050000000000000173e-07	1.459152704131769948e+06
9.060000000000000924e-07	1.355676955772051122e+06
9.070000000000000617e-07	1.370824666444213828e+06
9.080000000000000309e-07	1.424745512212127214e+06
9.090000000000001060e-07	1.383022009749555960e+06
9.100000000000000753e-07	1.291694558119361056e+06
9.110000000000000445e-07	1.310805377913500648e+06
9.120000000000000138e-07	1.269787310727679636e+06
9.130000000000000889e-07	1.159807235643675784e+06
9.140000000000000582e-07	1.248992632320096716e+06
9.150000000000000274e-07	1.211164082772391615e+06
9.160000000000001025e-07	1.198559457314506406e+06
9.170000000000000718e-07	1.203978293734200997e+06
9.180000000000000410e-07	1.060622852813199628e+06
9.190000000000000103e-07	1.060085205609822879e+06
9.200000000000000854e-07	1.045694760391310439e+06
9.210000000000000547e-07	1.036331450607076287e+06
9.220000000000000239e-07	1.072608619736473076e+06
9.230000000000000991e-07	9.689613541791033931e+05
9.240000000000000683e-07	8.609781502265922027e+05
9.250000000000000376e-07	9.010313502058535814e+05
9.260000000000000068e-07	9.528496956845419481e+05
9.270000000000000819e-07	8.676715850506256102e+05
9.280000000000000512e-07	7.765183778835774865e+05
9.290000000000000204e-07	7.666964407140690600e+05
9.300000000000000956e-07	7.536637759065441787e+05
9.310000000000000648e-07	8.168900927773187868e+05
9.320000000000000341e-07	8.865613953853069106e+05
9.330000000000001092e-07	8.305332746185531141e+05
9.340000000000000784e-07	8.051072395183545304e+05
9.350000000000000477e-07	8.339469289873692906e+05
9.360000000000000169e-07	8.319870821921165334e+05
9.370000000000000921e-07	8.048105720321731642e+05
9.380000000000000613e-07	8.038268314113644883e+05
9.390000000000000306e-07	7.603260126431181561e+05
9.400000000000001057e-07	9.689790266015226953e+05
9.410000000000000749e-07	9.128653390109529719e+05
9.420000000000000442e-07	7.710804870763547951e+05
9.430000000000000134e-07	8.094563347341164481e+05
9.440000000000000886e-07	6.263255227992179571e+05
9.450000000000000578e-07	7.904401880802153610e+05
9.460000000000000271e-07	7.594618798872125335e+05
9.470000000000001022e-07	7.133361864487954881e+05
9.480000000000000715e-07	8.189345022531835129e+05
9.490000000000000407e-07	7.372921418756988132e+05
9.500000000000000100e-07	6.938753277914322680e+05
9.510000000000000851e-07	6.220640403388313716e+05
9.520000000000000543e-07	5.452338616508197738e+05
9.530000000000000236e-07	5.753764132389266742e+05
9.540000000000000987e-07	5.494760767969606677e+05
9.549999999999999621e-07	5.039027495091228047e+05
9.560000000000000372e-07	4.956381792705095140e+05
9.570000000000001123e-07	4.727961347238586750e+05
9.579999999999999757e-07	4.988156489459760487e+05
9.590000000000000508e-07	5.325601132283958141e+05
9.600000000000001260e-07	5.545803209364896175e+05
9.609999999999999893e-07	4.247754947923811269e+05
9.620000000000000645e-07	3.969449276763658854e+05
9.630000000000001396e-07	2.908217277740744175e+05
9.640000000000000030e-07	3.983150359426944633e+05
9.650000000000000781e-07	4.053602131330882548e+05
9.660000000000001532e-07	5.528560157698047115e+05
9.670000000000000166e-07	3.529692957067611278e+05
9.680000000000000917e-07	3.919736334235763061e+05
9.689999999999999551e-07	4.253869390359914978e+05
9.700000000000000302e-07	4.649384470705767162e+05
9.710000000000001053e-07	4.079427551219839370e+05
9.719999999999999687e-07	3.011998720125306863e+05
9.730000000000000438e-07	3.571552989598744316e+05
9.740000000000001190e-07	3.282419824232137180e+05
9.749999999999999823e-07	3.326735764895891189e+05
9.760000000000000575e-07	2.804780990680377581e+05
9.770000000000001326e-07	3.183275713636864093e+05
9.779999999999999960e-07	3.109291662784884684e+05
9.790000000000000711e-07	2.571104558129837678e+05
9.800000000000001462e-07	3.284575050317948917e+05
9.810000000000000096e-07	2.842889580037003034e+05
9.820000000000000847e-07	4.008341304510561749e+05
9.830000000000001599e-07	2.082347046105663176e+05
9.840000000000000232e-07	3.223366032699705102e+05
9.850000000000000984e-07	3.035844843528519268e+05
9.859999999999999617e-07	2.879081774284796556e+05
9.870000000000000369e-07	2.278043855206679727e+05
9.880000000000001120e-07	3.634735764850169071e+05
9.889999999999999754e-07	3.387738050397349289e+05
9.900000000000000505e-07	1.701479449026703660e+05
9.910000000000001256e-07	3.686682252795440727e+05
9.919999999999999890e-07	3.348753757054043817e+05
9.930000000000000641e-07	3.860852930604662397e+05
9.940000000000001392e-07	1.455623974331676727e+05
9.950000000000000026e-07	1.677401126793363655e+05
9.960000000000000777e-07	2.165555312901828729e+05
9.970000000000001529e-07	1.798828665757231647e+05
9.980000000000000162e-07	2.203526304882545373e+05
9.990000000000000914e-07	2.236483545959998737e+05
