375.000000	1.728344	0.171078
376.000000	1.723248	0.168673
377.000000	1.718229	0.166359
378.000000	1.713279	0.164130
379.000000	1.708394	0.161983
380.000000	1.703568	0.159914
381.000000	1.698794	0.157920
382.000000	1.694068	0.156001
383.000000	1.689384	0.154154
384.000000	1.684738	0.152378
385.000000	1.680126	0.150674
386.000000	1.675543	0.149040
387.000000	1.670986	0.147479
388.000000	1.666452	0.145991
389.000000	1.661937	0.144577
390.000000	1.657440	0.143238
391.000000	1.652958	0.141978
392.000000	1.648490	0.140797
393.000000	1.644036	0.139699
394.000000	1.639594	0.138685
395.000000	1.635164	0.137760
396.000000	1.630748	0.136924
397.000000	1.626346	0.136181
398.000000	1.621960	0.135534
399.000000	1.617592	0.134985
400.000000	1.613243	0.134537
401.000000	1.608918	0.134191
402.000000	1.604620	0.133951
403.000000	1.600352	0.133818
404.000000	1.596119	0.133793
405.000000	1.591926	0.133877
406.000000	1.587777	0.134072
407.000000	1.583678	0.134377
408.000000	1.579635	0.134792
409.000000	1.575653	0.135317
410.000000	1.571739	0.135950
411.000000	1.567898	0.136689
412.000000	1.564136	0.137531
413.000000	1.560459	0.138474
414.000000	1.556875	0.139514
415.000000	1.553387	0.140645
416.000000	1.550002	0.141864
417.000000	1.546725	0.143165
418.000000	1.543560	0.144542
419.000000	1.540512	0.145988
420.000000	1.537585	0.147495
421.000000	1.534782	0.149058
422.000000	1.532106	0.150667
423.000000	1.529559	0.152315
424.000000	1.527142	0.153994
425.000000	1.524855	0.155695
426.000000	1.522700	0.157409
427.000000	1.520675	0.159129
428.000000	1.518779	0.160846
429.000000	1.517010	0.162551
430.000000	1.515366	0.164237
431.000000	1.513843	0.165896
432.000000	1.512438	0.167519
433.000000	1.511145	0.169101
434.000000	1.509962	0.170633
435.000000	1.508881	0.172111
436.000000	1.507898	0.173526
437.000000	1.507007	0.174875
438.000000	1.506200	0.176152
439.000000	1.505472	0.177353
440.000000	1.504815	0.178472
441.000000	1.504222	0.179508
442.000000	1.503685	0.180457
443.000000	1.503198	0.181315
444.000000	1.502752	0.182083
445.000000	1.502339	0.182757
446.000000	1.501952	0.183338
447.000000	1.501584	0.183825
448.000000	1.501225	0.184219
449.000000	1.500869	0.184520
450.000000	1.500508	0.184729
451.000000	1.500134	0.184850
452.000000	1.499741	0.184883
453.000000	1.499321	0.184834
454.000000	1.498867	0.184704
455.000000	1.498374	0.184498
456.000000	1.497835	0.184220
457.000000	1.497245	0.183876
458.000000	1.496598	0.183471
459.000000	1.495890	0.183010
460.000000	1.495116	0.182500
461.000000	1.494274	0.181946
462.000000	1.493359	0.181356
463.000000	1.492370	0.180735
464.000000	1.491304	0.180091
465.000000	1.490161	0.179430
466.000000	1.488939	0.178759
467.000000	1.487638	0.178085
468.000000	1.486259	0.177414
469.000000	1.484801	0.176753
470.000000	1.483268	0.176107
471.000000	1.481660	0.175484
472.000000	1.479980	0.174888
473.000000	1.478230	0.174324
474.000000	1.476414	0.173799
475.000000	1.474535	0.173316
476.000000	1.472596	0.172880
477.000000	1.470601	0.172494
478.000000	1.468554	0.172162
479.000000	1.466459	0.171888
480.000000	1.464320	0.171673
481.000000	1.462143	0.171520
482.000000	1.459931	0.171432
483.000000	1.457687	0.171408
484.000000	1.455418	0.171451
485.000000	1.453127	0.171562
486.000000	1.450817	0.171740
487.000000	1.448494	0.171986
488.000000	1.446161	0.172301
489.000000	1.443822	0.172683
490.000000	1.441479	0.173131
491.000000	1.439138	0.173646
492.000000	1.436800	0.174227
493.000000	1.434469	0.174871
494.000000	1.432148	0.175578
495.000000	1.429840	0.176346
496.000000	1.427548	0.177174
497.000000	1.425272	0.178060
498.000000	1.423015	0.179002
499.000000	1.420781	0.179999
500.000000	1.418569	0.181048
501.000000	1.416382	0.182148
502.000000	1.414220	0.183297
503.000000	1.412086	0.184494
504.000000	1.409980	0.185735
505.000000	1.407904	0.187020
506.000000	1.405857	0.188346
507.000000	1.403840	0.189712
508.000000	1.401855	0.191116
509.000000	1.399901	0.192556
510.000000	1.397978	0.194030
511.000000	1.396086	0.195538
512.000000	1.394227	0.197076
513.000000	1.392399	0.198645
514.000000	1.390602	0.200242
515.000000	1.388836	0.201867
516.000000	1.387101	0.203517
517.000000	1.385396	0.205192
518.000000	1.383721	0.206891
519.000000	1.382075	0.208612
520.000000	1.380458	0.210355
521.000000	1.378869	0.212119
522.000000	1.377307	0.213903
523.000000	1.375772	0.215707
524.000000	1.374263	0.217529
525.000000	1.372780	0.219369
526.000000	1.371321	0.221228
527.000000	1.369885	0.223104
528.000000	1.368473	0.224997
529.000000	1.367083	0.226907
530.000000	1.365714	0.228834
531.000000	1.364366	0.230778
532.000000	1.363038	0.232739
533.000000	1.361729	0.234717
534.000000	1.360438	0.236712
535.000000	1.359165	0.238726
536.000000	1.357909	0.240757
537.000000	1.356670	0.242806
538.000000	1.355446	0.244874
539.000000	1.354238	0.246962
540.000000	1.353044	0.249070
541.000000	1.351866	0.251199
542.000000	1.350700	0.253349
543.000000	1.349549	0.255522
544.000000	1.348411	0.257718
545.000000	1.347286	0.259938
546.000000	1.346174	0.262183
547.000000	1.345075	0.264454
548.000000	1.343989	0.266752
549.000000	1.342915	0.269078
550.000000	1.341856	0.271434
551.000000	1.340809	0.273820
552.000000	1.339776	0.276238
553.000000	1.338758	0.278689
554.000000	1.337754	0.281173
555.000000	1.336766	0.283693
556.000000	1.335794	0.286250
557.000000	1.334839	0.288843
558.000000	1.333902	0.291476
559.000000	1.332983	0.294149
560.000000	1.332085	0.296863
561.000000	1.331209	0.299619
562.000000	1.330355	0.302419
563.000000	1.329525	0.305263
564.000000	1.328721	0.308152
565.000000	1.327945	0.311088
566.000000	1.327198	0.314071
567.000000	1.326482	0.317102
568.000000	1.325800	0.320181
569.000000	1.325153	0.323310
570.000000	1.324544	0.326489
571.000000	1.323974	0.329717
572.000000	1.323447	0.332997
573.000000	1.322964	0.336326
574.000000	1.322529	0.339707
575.000000	1.322143	0.343138
576.000000	1.321810	0.346619
577.000000	1.321532	0.350150
578.000000	1.321312	0.353731
579.000000	1.321153	0.357360
580.000000	1.321057	0.361036
581.000000	1.321027	0.364760
582.000000	1.321067	0.368528
583.000000	1.321178	0.372341
584.000000	1.321365	0.376196
585.000000	1.321628	0.380092
586.000000	1.321972	0.384027
587.000000	1.322398	0.387998
588.000000	1.322910	0.392003
589.000000	1.323510	0.396041
590.000000	1.324200	0.400107
591.000000	1.324982	0.404200
592.000000	1.325859	0.408316
593.000000	1.326833	0.412453
594.000000	1.327905	0.416607
595.000000	1.329078	0.420774
596.000000	1.330353	0.424952
597.000000	1.331731	0.429136
598.000000	1.333214	0.433323
599.000000	1.334803	0.437509
600.000000	1.336498	0.441690
601.000000	1.338300	0.445862
602.000000	1.340210	0.450022
603.000000	1.342229	0.454164
604.000000	1.344355	0.458286
605.000000	1.346590	0.462382
606.000000	1.348932	0.466448
607.000000	1.351381	0.470482
608.000000	1.353937	0.474477
609.000000	1.356599	0.478431
610.000000	1.359365	0.482340
611.000000	1.362234	0.486199
612.000000	1.365205	0.490004
613.000000	1.368276	0.493751
614.000000	1.371445	0.497438
615.000000	1.374710	0.501059
616.000000	1.378070	0.504613
617.000000	1.381521	0.508094
618.000000	1.385062	0.511500
619.000000	1.388688	0.514827
620.000000	1.392399	0.518074
621.000000	1.396191	0.521235
622.000000	1.400062	0.524310
623.000000	1.404007	0.527294
624.000000	1.408025	0.530186
625.000000	1.412111	0.532983
626.000000	1.416263	0.535682
627.000000	1.420477	0.538282
628.000000	1.424750	0.540781
629.000000	1.429078	0.543177
630.000000	1.433458	0.545468
631.000000	1.437886	0.547652
632.000000	1.442358	0.549729
633.000000	1.446872	0.551696
634.000000	1.451423	0.553554
635.000000	1.456009	0.555300
636.000000	1.460624	0.556934
637.000000	1.465266	0.558455
638.000000	1.469930	0.559863
639.000000	1.474614	0.561157
640.000000	1.479313	0.562337
641.000000	1.484025	0.563402
642.000000	1.488744	0.564352
643.000000	1.493469	0.565188
644.000000	1.498194	0.565909
645.000000	1.502917	0.566516
646.000000	1.507634	0.567009
647.000000	1.512341	0.567389
648.000000	1.517036	0.567655
649.000000	1.521713	0.567809
650.000000	1.526371	0.567851
651.000000	1.531006	0.567783
652.000000	1.535613	0.567604
653.000000	1.540191	0.567317
654.000000	1.544734	0.566922
655.000000	1.549241	0.566420
656.000000	1.553708	0.565813
657.000000	1.558132	0.565102
658.000000	1.562509	0.564289
659.000000	1.566836	0.563375
660.000000	1.571110	0.562362
661.000000	1.575328	0.561252
662.000000	1.579487	0.560047
663.000000	1.583584	0.558748
664.000000	1.587616	0.557358
665.000000	1.591580	0.555879
666.000000	1.595472	0.554314
667.000000	1.599291	0.552663
668.000000	1.603034	0.550931
669.000000	1.606697	0.549120
670.000000	1.610278	0.547231
671.000000	1.613774	0.545269
672.000000	1.617183	0.543236
673.000000	1.620503	0.541135
674.000000	1.623730	0.538969
675.000000	1.626863	0.536741
676.000000	1.629899	0.534455
677.000000	1.632836	0.532113
678.000000	1.635672	0.529720
679.000000	1.638405	0.527279
680.000000	1.641033	0.524793
681.000000	1.643553	0.522267
682.000000	1.645966	0.519705
683.000000	1.648268	0.517109
684.000000	1.650459	0.514485
685.000000	1.652536	0.511837
686.000000	1.654499	0.509169
687.000000	1.656347	0.506485
688.000000	1.658079	0.503789
689.000000	1.659693	0.501087
690.000000	1.661189	0.498383
691.000000	1.662568	0.495682
692.000000	1.663827	0.492988
693.000000	1.664968	0.490307
694.000000	1.665989	0.487642
695.000000	1.666893	0.485001
696.000000	1.667678	0.482386
697.000000	1.668345	0.479804
698.000000	1.668895	0.477260
699.000000	1.669330	0.474759
700.000000	1.669650	0.472306
701.000000	1.669858	0.469906
702.000000	1.669953	0.467565
703.000000	1.669940	0.465289
704.000000	1.669820	0.463081
705.000000	1.669595	0.460948
706.000000	1.669269	0.458895
707.000000	1.668844	0.456928
708.000000	1.668323	0.455050
709.000000	1.667711	0.453268
710.000000	1.667011	0.451586
711.000000	1.666228	0.450009
712.000000	1.665366	0.448543
713.000000	1.664429	0.447190
714.000000	1.663424	0.445957
715.000000	1.662355	0.444847
716.000000	1.661228	0.443864
717.000000	1.660050	0.443012
718.000000	1.658826	0.442295
719.000000	1.657563	0.441715
720.000000	1.656267	0.441276
721.000000	1.654947	0.440980
722.000000	1.653609	0.440829
723.000000	1.652260	0.440826
724.000000	1.650909	0.440971
725.000000	1.649564	0.441266
726.000000	1.648231	0.441711
727.000000	1.646919	0.442306
728.000000	1.645637	0.443051
729.000000	1.644392	0.443945
730.000000	1.643193	0.444986
731.000000	1.642047	0.446172
732.000000	1.640962	0.447501
733.000000	1.639947	0.448970
734.000000	1.639008	0.450575
735.000000	1.638152	0.452312
736.000000	1.637388	0.454177
737.000000	1.636721	0.456165
738.000000	1.636158	0.458270
739.000000	1.635704	0.460487
740.000000	1.635365	0.462810
741.000000	1.635144	0.465231
742.000000	1.635048	0.467745
743.000000	1.635079	0.470344
744.000000	1.635240	0.473022
745.000000	1.635534	0.475771
746.000000	1.635963	0.478584
747.000000	1.636528	0.481453
748.000000	1.637228	0.484373
749.000000	1.638066	0.487336
750.000000	1.639039	0.490335
751.000000	1.640147	0.493363
752.000000	1.641388	0.496415
753.000000	1.642759	0.499485
754.000000	1.644259	0.502568
755.000000	1.645885	0.505658
756.000000	1.647632	0.508752
757.000000	1.649497	0.511845
758.000000	1.651477	0.514934
759.000000	1.653566	0.518017
760.000000	1.655762	0.521092
761.000000	1.658060	0.524157
762.000000	1.660456	0.527211
763.000000	1.662945	0.530254
764.000000	1.665524	0.533287
765.000000	1.668189	0.536309
766.000000	1.670936	0.539325
767.000000	1.673763	0.542334
768.000000	1.676668	0.545340
769.000000	1.679646	0.548345
770.000000	1.682699	0.551354
771.000000	1.685823	0.554370
772.000000	1.689020	0.557397
773.000000	1.692289	0.560440
774.000000	1.695632	0.563503
775.000000	1.699050	0.566591
776.000000	1.702546	0.569708
777.000000	1.706124	0.572859
778.000000	1.709789	0.576049
779.000000	1.713545	0.579281
780.000000	1.717399	0.582559
781.000000	1.721358	0.585887
782.000000	1.725430	0.589266
783.000000	1.729623	0.592700
784.000000	1.733948	0.596189
785.000000	1.738413	0.599732
786.000000	1.743031	0.603330
787.000000	1.747812	0.606980
788.000000	1.752767	0.610679
789.000000	1.757910	0.614422
790.000000	1.763251	0.618203
791.000000	1.768803	0.622015
792.000000	1.774577	0.625848
793.000000	1.780586	0.629692
794.000000	1.786840	0.633535
795.000000	1.793349	0.637363
796.000000	1.800123	0.641162
797.000000	1.807169	0.644914
798.000000	1.814495	0.648604
799.000000	1.822105	0.652211
800.000000	1.830005	0.655717
801.000000	1.838195	0.659101
802.000000	1.846678	0.662341
803.000000	1.855450	0.665418
804.000000	1.864510	0.668307
805.000000	1.873850	0.670989
806.000000	1.883465	0.673441
807.000000	1.893348	0.675643
808.000000	1.903481	0.677574
809.000000	1.913858	0.679214
810.000000	1.924462	0.680545
811.000000	1.935278	0.681549
812.000000	1.946289	0.682209
813.000000	1.957474	0.682511
814.000000	1.968817	0.682441
815.000000	1.980296	0.681986
816.000000	1.991889	0.681137
817.000000	2.003575	0.679883
818.000000	2.015332	0.678219
819.000000	2.027133	0.676137
820.000000	2.038963	0.673633
821.000000	2.050794	0.670704
822.000000	2.062601	0.667349
823.000000	2.074365	0.663568
824.000000	2.086062	0.659362
825.000000	2.097666	0.654736
826.000000	2.109159	0.649691
827.000000	2.120516	0.644233
828.000000	2.131717	0.638370
829.000000	2.142741	0.632109
830.000000	2.153568	0.625458
831.000000	2.164176	0.618428
832.000000	2.174546	0.611031
833.000000	2.184660	0.603278
834.000000	2.194501	0.595182
835.000000	2.204047	0.586761
836.000000	2.213287	0.578025
837.000000	2.222204	0.568994
838.000000	2.230783	0.559683
839.000000	2.239011	0.550112
840.000000	2.246875	0.540298
841.000000	2.254364	0.530262
842.000000	2.261470	0.520024
843.000000	2.268182	0.509604
844.000000	2.274494	0.499023
845.000000	2.280401	0.488304
846.000000	2.285897	0.477469
847.000000	2.290981	0.466536
848.000000	2.295650	0.455534
849.000000	2.299905	0.444481
850.000000	2.303748	0.433395
851.000000	2.307182	0.422301
852.000000	2.310210	0.411222
853.000000	2.312840	0.400175
854.000000	2.315077	0.389181
855.000000	2.316931	0.378257
856.000000	2.318409	0.367423
857.000000	2.319524	0.356694
858.000000	2.320286	0.346087
859.000000	2.320707	0.335616
860.000000	2.320800	0.325295
861.000000	2.320579	0.315138
862.000000	2.320056	0.305152
863.000000	2.319247	0.295351
864.000000	2.318165	0.285744
865.000000	2.316825	0.276337
866.000000	2.315243	0.267137
867.000000	2.313432	0.258152
868.000000	2.311407	0.249383
869.000000	2.309182	0.240836
870.000000	2.306773	0.232513
871.000000	2.304191	0.224416
872.000000	2.301451	0.216545
873.000000	2.298566	0.208902
874.000000	2.295548	0.201484
875.000000	2.292410	0.194292
876.000000	2.289163	0.187322
877.000000	2.285818	0.180574
878.000000	2.282386	0.174043
879.000000	2.278876	0.167727
880.000000	2.275299	0.161622
881.000000	2.271664	0.155725
882.000000	2.267977	0.150028
883.000000	2.264249	0.144532
884.000000	2.260486	0.139228
885.000000	2.256695	0.134113
886.000000	2.252883	0.129184
887.000000	2.249055	0.124433
888.000000	2.245219	0.119856
889.000000	2.241376	0.115447
890.000000	2.237534	0.111202
891.000000	2.233697	0.107116
892.000000	2.229868	0.103184
893.000000	2.226052	0.099399
894.000000	2.222251	0.095759
895.000000	2.218468	0.092257
896.000000	2.214706	0.088889
897.000000	2.210970	0.085652
898.000000	2.207258	0.082537
899.000000	2.203574	0.079544
900.000000	2.199920	0.076666
901.000000	2.196298	0.073900
902.000000	2.192708	0.071240
903.000000	2.189153	0.068685
904.000000	2.185632	0.066229
905.000000	2.182147	0.063868
906.000000	2.178698	0.061599
907.000000	2.175287	0.059419
908.000000	2.171913	0.057324
909.000000	2.168578	0.055310
910.000000	2.165280	0.053375
911.000000	2.162022	0.051515
912.000000	2.158802	0.049727
913.000000	2.155621	0.048010
914.000000	2.152478	0.046359
915.000000	2.149374	0.044772
916.000000	2.146309	0.043246
917.000000	2.143282	0.041780
918.000000	2.140294	0.040370
919.000000	2.137343	0.039015
920.000000	2.134429	0.037712
921.000000	2.131554	0.036460
922.000000	2.128715	0.035255
923.000000	2.125912	0.034097
924.000000	2.123145	0.032983
925.000000	2.120414	0.031912
926.000000	2.117719	0.030882
927.000000	2.115058	0.029890
928.000000	2.112431	0.028937
929.000000	2.109839	0.028019
930.000000	2.107280	0.027137
931.000000	2.104753	0.026287
932.000000	2.102259	0.025470
933.000000	2.099797	0.024683
934.000000	2.097366	0.023926
935.000000	2.094967	0.023197
936.000000	2.092597	0.022495
937.000000	2.090258	0.021819
938.000000	2.087948	0.021168
939.000000	2.085667	0.020541
940.000000	2.083415	0.019937
941.000000	2.081190	0.019355
942.000000	2.078993	0.018795
943.000000	2.076823	0.018254
944.000000	2.074680	0.017734
945.000000	2.072563	0.017232
946.000000	2.070471	0.016748
947.000000	2.068405	0.016282
948.000000	2.066364	0.015832
949.000000	2.064347	0.015399
950.000000	2.062354	0.014980
951.000000	2.060384	0.014577
952.000000	2.058439	0.014188
953.000000	2.056515	0.013812
954.000000	2.054614	0.013449
955.000000	2.052734	0.013099
956.000000	2.050876	0.012761
957.000000	2.049039	0.012435
958.000000	2.047223	0.012120
959.000000	2.045428	0.011816
960.000000	2.043653	0.011522
961.000000	2.041897	0.011237
962.000000	2.040162	0.010963
963.000000	2.038444	0.010697
964.000000	2.036746	0.010441
965.000000	2.035066	0.010193
966.000000	2.033405	0.009953
967.000000	2.031761	0.009720
968.000000	2.030134	0.009496
969.000000	2.028525	0.009278
970.000000	2.026933	0.009068
971.000000	2.025358	0.008864
972.000000	2.023798	0.008667
973.000000	2.022255	0.008476
974.000000	2.020728	0.008291
975.000000	2.019217	0.008112
976.000000	2.017720	0.007938
977.000000	2.016239	0.007770
978.000000	2.014773	0.007607
979.000000	2.013321	0.007448
980.000000	2.011884	0.007295
981.000000	2.010461	0.007146
982.000000	2.009052	0.007001
983.000000	2.007656	0.006861
984.000000	2.006274	0.006725
985.000000	2.004905	0.006593
986.000000	2.003550	0.006464
987.000000	2.002206	0.006339
988.000000	2.000876	0.006218
989.000000	1.999559	0.006100
990.000000	1.998253	0.005986
991.000000	1.996960	0.005875
992.000000	1.995679	0.005766
993.000000	1.994409	0.005661
994.000000	1.993151	0.005558
995.000000	1.991904	0.005459
996.000000	1.990669	0.005362
997.000000	1.989445	0.005267
998.000000	1.988231	0.005175
999.000000	1.987029	0.005085
1000.000000	1.985837	0.004998