lambda n k
3.750000000000000095e-07 1.728344000000000102e+00 1.710780000000000078e-01
3.760000000000000317e-07 1.723247999999999891e+00 1.686729999999999896e-01
3.770000000000000009e-07 1.718229000000000006e+00 1.663590000000000069e-01
3.780000000000000231e-07 1.713278999999999996e+00 1.641299999999999981e-01
3.790000000000000453e-07 1.708393999999999968e+00 1.619829999999999881e-01
3.800000000000000146e-07 1.703567999999999971e+00 1.599140000000000006e-01
3.810000000000000368e-07 1.698793999999999915e+00 1.579200000000000048e-01
3.820000000000000060e-07 1.694067999999999907e+00 1.560010000000000008e-01
3.830000000000000282e-07 1.689383999999999997e+00 1.541540000000000132e-01
3.840000000000000504e-07 1.684738000000000069e+00 1.523780000000000134e-01
3.850000000000000196e-07 1.680126000000000008e+00 1.506740000000000024e-01
3.860000000000000418e-07 1.675543000000000005e+00 1.490400000000000058e-01
3.870000000000000111e-07 1.670986000000000082e+00 1.474789999999999990e-01
3.880000000000000333e-07 1.666452000000000044e+00 1.459910000000000097e-01
3.890000000000000025e-07 1.661936999999999998e+00 1.445770000000000111e-01
3.900000000000000247e-07 1.657440000000000024e+00 1.432380000000000042e-01
3.910000000000000469e-07 1.652957999999999927e+00 1.419779999999999931e-01
3.920000000000000161e-07 1.648490000000000011e+00 1.407970000000000055e-01
3.930000000000000383e-07 1.644036000000000053e+00 1.396989999999999899e-01
3.940000000000000076e-07 1.639593999999999996e+00 1.386850000000000027e-01
3.950000000000000298e-07 1.635164000000000062e+00 1.377599999999999936e-01
3.959999999999999990e-07 1.630748000000000086e+00 1.369239999999999902e-01
3.970000000000000212e-07 1.626346000000000069e+00 1.361809999999999965e-01
3.980000000000000434e-07 1.621960000000000068e+00 1.355339999999999878e-01
3.990000000000000126e-07 1.617591999999999919e+00 1.349849999999999939e-01
4.000000000000000348e-07 1.613242999999999983e+00 1.345369999999999899e-01
4.010000000000000041e-07 1.608918000000000070e+00 1.341910000000000047e-01
4.020000000000000263e-07 1.604619999999999935e+00 1.339509999999999867e-01
4.030000000000000485e-07 1.600351999999999997e+00 1.338179999999999925e-01
4.040000000000000177e-07 1.596119000000000065e+00 1.337929999999999953e-01
4.050000000000000399e-07 1.591925999999999952e+00 1.338769999999999960e-01
4.060000000000000092e-07 1.587776999999999994e+00 1.340719999999999967e-01
4.070000000000000313e-07 1.583677999999999919e+00 1.343769999999999964e-01
4.080000000000000006e-07 1.579634999999999900e+00 1.347919999999999952e-01
4.090000000000000228e-07 1.575652999999999970e+00 1.353169999999999928e-01
4.100000000000000450e-07 1.571738999999999997e+00 1.359499999999999875e-01
4.110000000000000142e-07 1.567898000000000014e+00 1.366890000000000049e-01
4.120000000000000364e-07 1.564135999999999971e+00 1.375309999999999866e-01
4.130000000000000057e-07 1.560459000000000040e+00 1.384740000000000137e-01
4.140000000000000279e-07 1.556875000000000009e+00 1.395139999999999991e-01
4.150000000000000500e-07 1.553387000000000073e+00 1.406449999999999922e-01
4.160000000000000193e-07 1.550002000000000102e+00 1.418639999999999901e-01
4.170000000000000415e-07 1.546724999999999905e+00 1.431649999999999867e-01
4.180000000000000107e-07 1.543560000000000043e+00 1.445420000000000038e-01
4.190000000000000329e-07 1.540512000000000103e+00 1.459880000000000067e-01
4.200000000000000022e-07 1.537584999999999980e+00 1.474949999999999872e-01
4.210000000000000244e-07 1.534782000000000091e+00 1.490579999999999961e-01
4.220000000000000465e-07 1.532105999999999968e+00 1.506669999999999954e-01
4.230000000000000158e-07 1.529558999999999891e+00 1.523150000000000059e-01
4.240000000000000380e-07 1.527141999999999999e+00 1.539939999999999920e-01
4.250000000000000072e-07 1.524855000000000071e+00 1.556950000000000001e-01
4.260000000000000294e-07 1.522699999999999942e+00 1.574089999999999934e-01
4.270000000000000516e-07 1.520674999999999999e+00 1.591289999999999927e-01
4.280000000000000209e-07 1.518779000000000101e+00 1.608459999999999890e-01
4.290000000000000431e-07 1.517009999999999970e+00 1.625510000000000010e-01
4.300000000000000123e-07 1.515365999999999991e+00 1.642369999999999941e-01
4.310000000000000345e-07 1.513843000000000050e+00 1.658959999999999879e-01
4.320000000000000037e-07 1.512437999999999949e+00 1.675190000000000012e-01
4.330000000000000259e-07 1.511144999999999960e+00 1.691010000000000013e-01
4.340000000000000481e-07 1.509962000000000026e+00 1.706330000000000069e-01
4.350000000000000174e-07 1.508880999999999917e+00 1.721109999999999862e-01
4.360000000000000396e-07 1.507897999999999961e+00 1.735260000000000136e-01
4.370000000000000088e-07 1.507006999999999985e+00 1.748750000000000027e-01
4.380000000000000310e-07 1.506199999999999983e+00 1.761520000000000030e-01
4.390000000000000532e-07 1.505471999999999921e+00 1.773530000000000106e-01
4.400000000000000224e-07 1.504815000000000014e+00 1.784719999999999918e-01
4.410000000000000446e-07 1.504221999999999948e+00 1.795080000000000009e-01
4.420000000000000139e-07 1.503684999999999938e+00 1.804570000000000063e-01
4.430000000000000361e-07 1.503198000000000034e+00 1.813150000000000039e-01
4.440000000000000053e-07 1.502752000000000088e+00 1.820829999999999949e-01
4.450000000000000275e-07 1.502339000000000091e+00 1.827570000000000028e-01
4.460000000000000497e-07 1.501951999999999954e+00 1.833380000000000010e-01
4.470000000000000189e-07 1.501584000000000030e+00 1.838249999999999884e-01
4.480000000000000411e-07 1.501225000000000032e+00 1.842189999999999939e-01
4.490000000000000104e-07 1.500869000000000009e+00 1.845199999999999896e-01
4.500000000000000326e-07 1.500507999999999953e+00 1.847290000000000043e-01
4.510000000000000018e-07 1.500134000000000079e+00 1.848499999999999865e-01
4.520000000000000240e-07 1.499740999999999991e+00 1.848829999999999918e-01
4.530000000000000462e-07 1.499320999999999904e+00 1.848339999999999983e-01
4.540000000000000155e-07 1.498866999999999949e+00 1.847040000000000071e-01
4.550000000000000376e-07 1.498374000000000095e+00 1.844979999999999953e-01
4.560000000000000069e-07 1.497835000000000027e+00 1.842199999999999949e-01
4.570000000000000291e-07 1.497244999999999937e+00 1.838760000000000117e-01
4.580000000000000513e-07 1.496598000000000095e+00 1.834709999999999952e-01
4.590000000000000205e-07 1.495889999999999942e+00 1.830100000000000060e-01
4.600000000000000427e-07 1.495115999999999890e+00 1.824999999999999956e-01
4.610000000000000120e-07 1.494274000000000102e+00 1.819459999999999966e-01
4.620000000000000342e-07 1.493359000000000103e+00 1.813559999999999894e-01
4.630000000000000034e-07 1.492369999999999974e+00 1.807350000000000068e-01
4.640000000000000256e-07 1.491303999999999963e+00 1.800910000000000011e-01
4.650000000000000478e-07 1.490161000000000069e+00 1.794300000000000062e-01
4.660000000000000170e-07 1.488939000000000012e+00 1.787590000000000012e-01
4.670000000000000392e-07 1.487638000000000016e+00 1.780849999999999933e-01
4.680000000000000085e-07 1.486258999999999997e+00 1.774139999999999884e-01
4.690000000000000307e-07 1.484801000000000037e+00 1.767529999999999935e-01
4.700000000000000528e-07 1.483268000000000031e+00 1.761070000000000135e-01
4.710000000000000221e-07 1.481659999999999977e+00 1.754840000000000011e-01
4.720000000000000443e-07 1.479980000000000073e+00 1.748879999999999879e-01
4.730000000000000135e-07 1.478229999999999933e+00 1.743240000000000067e-01
4.740000000000000357e-07 1.476413999999999893e+00 1.737990000000000090e-01
4.750000000000000050e-07 1.474534999999999929e+00 1.733159999999999978e-01
4.760000000000000272e-07 1.472596000000000016e+00 1.728800000000000059e-01
4.770000000000000494e-07 1.470601000000000047e+00 1.724940000000000084e-01
4.780000000000000186e-07 1.468553999999999915e+00 1.721620000000000095e-01
4.789999999999999879e-07 1.466458999999999957e+00 1.718880000000000130e-01
4.800000000000000630e-07 1.464320000000000066e+00 1.716729999999999923e-01
4.810000000000000322e-07 1.462142999999999970e+00 1.715200000000000058e-01
4.820000000000000015e-07 1.459931000000000090e+00 1.714320000000000010e-01
4.830000000000000766e-07 1.457686999999999955e+00 1.714080000000000048e-01
4.840000000000000459e-07 1.455418000000000101e+00 1.714509999999999923e-01
4.850000000000000151e-07 1.453127000000000058e+00 1.715619999999999923e-01
4.859999999999999844e-07 1.450817000000000023e+00 1.717400000000000038e-01
4.870000000000000595e-07 1.448493999999999948e+00 1.719860000000000000e-01
4.880000000000000287e-07 1.446161000000000030e+00 1.723010000000000097e-01
4.889999999999999980e-07 1.443821999999999939e+00 1.726830000000000032e-01
4.900000000000000731e-07 1.441478999999999955e+00 1.731310000000000071e-01
4.910000000000000424e-07 1.439138000000000028e+00 1.736459999999999948e-01
4.920000000000000116e-07 1.436800000000000077e+00 1.742269999999999930e-01
4.929999999999999809e-07 1.434468999999999994e+00 1.748709999999999987e-01
4.940000000000000560e-07 1.432147999999999977e+00 1.755780000000000118e-01
4.950000000000000252e-07 1.429840000000000000e+00 1.763460000000000027e-01
4.959999999999999945e-07 1.427548000000000039e+00 1.771739999999999982e-01
4.970000000000000696e-07 1.425272000000000094e+00 1.780599999999999961e-01
4.980000000000000389e-07 1.423014999999999919e+00 1.790019999999999945e-01
4.990000000000000081e-07 1.420781000000000072e+00 1.799989999999999923e-01
5.000000000000000833e-07 1.418568999999999969e+00 1.810479999999999867e-01
5.010000000000000525e-07 1.416382000000000030e+00 1.821480000000000044e-01
5.020000000000000218e-07 1.414220000000000033e+00 1.832969999999999877e-01
5.029999999999999910e-07 1.412085999999999952e+00 1.844939999999999913e-01
5.040000000000000661e-07 1.409980000000000011e+00 1.857350000000000112e-01
5.050000000000000354e-07 1.407904000000000044e+00 1.870199999999999918e-01
5.060000000000000046e-07 1.405856999999999912e+00 1.883460000000000134e-01
5.070000000000000798e-07 1.403839999999999977e+00 1.897119999999999918e-01
5.080000000000000490e-07 1.401855000000000073e+00 1.911160000000000081e-01
5.090000000000000183e-07 1.399901000000000062e+00 1.925560000000000049e-01
5.099999999999999875e-07 1.397977999999999943e+00 1.940300000000000080e-01
5.110000000000000626e-07 1.396085999999999938e+00 1.955379999999999896e-01
5.120000000000000319e-07 1.394227000000000105e+00 1.970760000000000012e-01
5.130000000000000011e-07 1.392398999999999942e+00 1.986449999999999882e-01
5.140000000000000763e-07 1.390601999999999894e+00 2.002420000000000033e-01
5.150000000000000455e-07 1.388835999999999959e+00 2.018669999999999909e-01
5.160000000000000148e-07 1.387100999999999917e+00 2.035170000000000035e-01
5.169999999999999840e-07 1.385396000000000072e+00 2.051920000000000133e-01
5.180000000000000591e-07 1.383720999999999979e+00 2.068909999999999916e-01
5.190000000000000284e-07 1.382074999999999942e+00 2.086119999999999919e-01
5.199999999999999976e-07 1.380457999999999963e+00 2.103549999999999864e-01
5.210000000000000728e-07 1.378868999999999900e+00 2.121190000000000020e-01
5.220000000000000420e-07 1.377307000000000059e+00 2.139030000000000098e-01
5.230000000000000113e-07 1.375771999999999995e+00 2.157070000000000098e-01
5.239999999999999805e-07 1.374263000000000012e+00 2.175290000000000001e-01
5.250000000000000557e-07 1.372779999999999889e+00 2.193690000000000084e-01
5.260000000000000249e-07 1.371321000000000012e+00 2.212280000000000080e-01
5.269999999999999942e-07 1.369885000000000019e+00 2.231039999999999968e-01
5.280000000000000693e-07 1.368473000000000050e+00 2.249970000000000026e-01
5.290000000000000385e-07 1.367083000000000048e+00 2.269069999999999976e-01
5.300000000000000078e-07 1.365714000000000095e+00 2.288340000000000096e-01
5.310000000000000829e-07 1.364365999999999968e+00 2.307780000000000109e-01
5.320000000000000522e-07 1.363037999999999972e+00 2.327390000000000014e-01
5.330000000000000214e-07 1.361728999999999967e+00 2.347170000000000090e-01
5.339999999999999907e-07 1.360438000000000036e+00 2.367120000000000057e-01
5.350000000000000658e-07 1.359164999999999957e+00 2.387259999999999938e-01
5.360000000000000350e-07 1.357909000000000033e+00 2.407569999999999988e-01
5.370000000000000043e-07 1.356670000000000043e+00 2.428059999999999941e-01
5.380000000000000794e-07 1.355445999999999929e+00 2.448740000000000083e-01
5.390000000000000487e-07 1.354238000000000053e+00 2.469619999999999871e-01
5.400000000000000179e-07 1.353043999999999913e+00 2.490700000000000136e-01
5.409999999999999872e-07 1.351866000000000012e+00 2.511990000000000056e-01
5.420000000000000623e-07 1.350700000000000012e+00 2.533489999999999909e-01
5.430000000000000315e-07 1.349549000000000110e+00 2.555220000000000269e-01
5.440000000000000008e-07 1.348411000000000026e+00 2.577180000000000026e-01
5.450000000000000759e-07 1.347285999999999984e+00 2.599380000000000024e-01
5.460000000000000452e-07 1.346173999999999982e+00 2.621829999999999994e-01
5.470000000000000144e-07 1.345075000000000021e+00 2.644540000000000224e-01
5.479999999999999837e-07 1.343989000000000100e+00 2.667519999999999891e-01
5.490000000000000588e-07 1.342915000000000081e+00 2.690779999999999839e-01
5.500000000000000281e-07 1.341855999999999938e+00 2.714340000000000086e-01
5.509999999999999973e-07 1.340808999999999918e+00 2.738200000000000078e-01
5.520000000000000724e-07 1.339776000000000078e+00 2.762379999999999836e-01
5.530000000000000417e-07 1.338757999999999893e+00 2.786890000000000200e-01
5.540000000000000109e-07 1.337754000000000110e+00 2.811730000000000063e-01
5.550000000000000861e-07 1.336765999999999899e+00 2.836929999999999730e-01
5.560000000000000553e-07 1.335793999999999926e+00 2.862500000000000044e-01
5.570000000000000246e-07 1.334839000000000109e+00 2.888430000000000164e-01
5.579999999999999938e-07 1.333901999999999921e+00 2.914760000000000129e-01
5.590000000000000689e-07 1.332983000000000029e+00 2.941489999999999938e-01
5.600000000000000382e-07 1.332084999999999964e+00 2.968629999999999880e-01
5.610000000000000074e-07 1.331209000000000087e+00 2.996190000000000242e-01
5.620000000000000826e-07 1.330354999999999954e+00 3.024189999999999934e-01
5.630000000000000518e-07 1.329525000000000068e+00 3.052630000000000066e-01
5.640000000000000211e-07 1.328721000000000041e+00 3.081519999999999815e-01
5.649999999999999903e-07 1.327944999999999931e+00 3.110879999999999757e-01
5.660000000000000654e-07 1.327198000000000100e+00 3.140709999999999891e-01
5.670000000000000347e-07 1.326481999999999939e+00 3.171019999999999950e-01
5.680000000000000039e-07 1.325800000000000090e+00 3.201809999999999934e-01
5.690000000000000791e-07 1.325153000000000025e+00 3.233099999999999863e-01
5.700000000000000483e-07 1.324543999999999944e+00 3.264889999999999737e-01
5.710000000000000176e-07 1.323973999999999984e+00 3.297169999999999823e-01
5.719999999999999868e-07 1.323447000000000040e+00 3.329969999999999875e-01
5.730000000000000620e-07 1.322964000000000029e+00 3.363260000000000138e-01
5.740000000000000312e-07 1.322529000000000066e+00 3.397069999999999812e-01
5.750000000000000004e-07 1.322143000000000068e+00 3.431379999999999986e-01
5.760000000000000756e-07 1.321809999999999929e+00 3.466190000000000104e-01
5.770000000000000448e-07 1.321531999999999929e+00 3.501500000000000168e-01
5.780000000000000141e-07 1.321312000000000042e+00 3.537310000000000176e-01
5.789999999999999833e-07 1.321153000000000022e+00 3.573600000000000110e-01
5.800000000000000585e-07 1.321056999999999926e+00 3.610360000000000236e-01
5.810000000000000277e-07 1.321026999999999951e+00 3.647599999999999731e-01
5.819999999999999970e-07 1.321066999999999991e+00 3.685280000000000222e-01
5.830000000000000721e-07 1.321177999999999964e+00 3.723409999999999775e-01
5.840000000000000413e-07 1.321364999999999901e+00 3.761959999999999749e-01
5.850000000000000106e-07 1.321628000000000025e+00 3.800919999999999854e-01
5.860000000000000857e-07 1.321971999999999925e+00 3.840270000000000072e-01
5.870000000000000550e-07 1.322397999999999962e+00 3.879980000000000095e-01
5.880000000000000242e-07 1.322910000000000030e+00 3.920029999999999903e-01
5.889999999999999935e-07 1.323509999999999964e+00 3.960409999999999764e-01
5.900000000000000686e-07 1.324200000000000044e+00 4.001069999999999904e-01
5.910000000000000378e-07 1.324982000000000104e+00 4.042000000000000037e-01
5.920000000000000071e-07 1.325858999999999899e+00 4.083160000000000123e-01
5.930000000000000822e-07 1.326832999999999929e+00 4.124530000000000141e-01
5.940000000000000515e-07 1.327904999999999891e+00 4.166070000000000051e-01
5.950000000000000207e-07 1.329077999999999982e+00 4.207739999999999814e-01
5.959999999999999900e-07 1.330352999999999897e+00 4.249519999999999964e-01
5.970000000000000651e-07 1.331730999999999998e+00 4.291360000000000174e-01
5.980000000000000343e-07 1.333213999999999899e+00 4.333230000000000137e-01
5.990000000000000036e-07 1.334802999999999962e+00 4.375089999999999812e-01
6.000000000000000787e-07 1.336497999999999964e+00 4.416900000000000270e-01
6.010000000000000480e-07 1.338300000000000045e+00 4.458619999999999806e-01
6.020000000000000172e-07 1.340209999999999901e+00 4.500219999999999776e-01
6.029999999999999865e-07 1.342228999999999894e+00 4.541640000000000121e-01
6.040000000000000616e-07 1.344354999999999967e+00 4.582860000000000267e-01
6.050000000000000309e-07 1.346589999999999954e+00 4.623820000000000152e-01
6.060000000000000001e-07 1.348932000000000020e+00 4.664479999999999738e-01
6.070000000000000752e-07 1.351380999999999943e+00 4.704820000000000113e-01
6.080000000000000445e-07 1.353936999999999946e+00 4.744769999999999821e-01
6.090000000000000137e-07 1.356599000000000110e+00 4.784309999999999952e-01
6.100000000000000889e-07 1.359364999999999934e+00 4.823399999999999910e-01
6.110000000000000581e-07 1.362233999999999945e+00 4.861989999999999923e-01
6.120000000000000274e-07 1.365205000000000002e+00 4.900039999999999951e-01
6.129999999999999966e-07 1.368276000000000048e+00 4.937509999999999954e-01
6.140000000000000717e-07 1.371445000000000025e+00 4.974379999999999913e-01
6.150000000000000410e-07 1.374710000000000099e+00 5.010590000000000321e-01
6.160000000000000102e-07 1.378069999999999906e+00 5.046129999999999782e-01
6.170000000000000854e-07 1.381520999999999999e+00 5.080940000000000456e-01
6.180000000000000546e-07 1.385062000000000015e+00 5.114999999999999547e-01
6.190000000000000239e-07 1.388687999999999922e+00 5.148270000000000346e-01
6.199999999999999931e-07 1.392398999999999942e+00 5.180740000000000345e-01
6.210000000000000682e-07 1.396190999999999960e+00 5.212350000000000039e-01
6.220000000000000375e-07 1.400061999999999918e+00 5.243100000000000538e-01
6.230000000000000067e-07 1.404007000000000005e+00 5.272940000000000405e-01
6.240000000000000819e-07 1.408025000000000082e+00 5.301860000000000461e-01
6.250000000000000511e-07 1.412110999999999894e+00 5.329829999999999846e-01
6.260000000000000204e-07 1.416263000000000050e+00 5.356819999999999915e-01
6.269999999999999896e-07 1.420476999999999990e+00 5.382820000000000382e-01
6.280000000000000648e-07 1.424749999999999961e+00 5.407809999999999562e-01
6.290000000000000340e-07 1.429078000000000070e+00 5.431770000000000209e-01
6.300000000000000033e-07 1.433457999999999899e+00 5.454679999999999529e-01
6.310000000000000784e-07 1.437885999999999997e+00 5.476520000000000277e-01
6.320000000000000476e-07 1.442358000000000029e+00 5.497290000000000232e-01
6.330000000000000169e-07 1.446871999999999936e+00 5.516959999999999642e-01
6.340000000000000920e-07 1.451422999999999908e+00 5.535539999999999905e-01
6.350000000000000613e-07 1.456009000000000109e+00 5.553000000000000158e-01
6.360000000000000305e-07 1.460623999999999922e+00 5.569340000000000401e-01
6.369999999999999998e-07 1.465265999999999957e+00 5.584550000000000347e-01
6.380000000000000749e-07 1.469929999999999959e+00 5.598629999999999995e-01
6.390000000000000441e-07 1.474614000000000091e+00 5.611570000000000169e-01
6.400000000000000134e-07 1.479313000000000100e+00 5.623369999999999758e-01
6.410000000000000885e-07 1.484024999999999928e+00 5.634019999999999584e-01
6.420000000000000578e-07 1.488744000000000067e+00 5.643519999999999648e-01
6.430000000000000270e-07 1.493468999999999935e+00 5.651880000000000237e-01
6.439999999999999963e-07 1.498194000000000026e+00 5.659089999999999954e-01
6.450000000000000714e-07 1.502917000000000058e+00 5.665160000000000196e-01
6.460000000000000406e-07 1.507633999999999919e+00 5.670089999999999852e-01
6.470000000000000099e-07 1.512340999999999935e+00 5.673890000000000322e-01
6.480000000000000850e-07 1.517036000000000051e+00 5.676550000000000207e-01
6.490000000000000543e-07 1.521713000000000093e+00 5.678090000000000082e-01
6.500000000000000235e-07 1.526370999999999922e+00 5.678509999999999946e-01
6.509999999999999928e-07 1.531006000000000089e+00 5.677830000000000377e-01
6.520000000000000679e-07 1.535612999999999895e+00 5.676039999999999974e-01
6.530000000000000372e-07 1.540191000000000088e+00 5.673169999999999602e-01
6.540000000000000064e-07 1.544734000000000052e+00 5.669220000000000370e-01
6.550000000000000815e-07 1.549241000000000090e+00 5.664200000000000346e-01
6.560000000000000508e-07 1.553708000000000089e+00 5.658130000000000104e-01
6.570000000000000200e-07 1.558132000000000073e+00 5.651019999999999932e-01
6.579999999999999893e-07 1.562508999999999926e+00 5.642890000000000406e-01
6.590000000000000644e-07 1.566835999999999895e+00 5.633749999999999591e-01
6.600000000000000337e-07 1.571110000000000007e+00 5.623620000000000285e-01
6.610000000000000029e-07 1.575328000000000062e+00 5.612519999999999731e-01
6.620000000000000780e-07 1.579487000000000085e+00 5.600469999999999615e-01
6.630000000000000473e-07 1.583584000000000103e+00 5.587480000000000224e-01
6.640000000000000165e-07 1.587615999999999916e+00 5.573580000000000201e-01
6.650000000000000917e-07 1.591579999999999995e+00 5.558790000000000120e-01
6.660000000000000609e-07 1.595472000000000001e+00 5.543139999999999734e-01
6.670000000000000302e-07 1.599291000000000018e+00 5.526630000000000154e-01
6.679999999999999994e-07 1.603034000000000070e+00 5.509309999999999485e-01
6.690000000000000745e-07 1.606697000000000042e+00 5.491200000000000525e-01
6.700000000000000438e-07 1.610278000000000098e+00 5.472310000000000230e-01
6.710000000000000130e-07 1.613774000000000042e+00 5.452690000000000037e-01
6.720000000000000882e-07 1.617183000000000037e+00 5.432360000000000522e-01
6.730000000000000574e-07 1.620503000000000027e+00 5.411350000000000326e-01
6.740000000000000267e-07 1.623729999999999896e+00 5.389690000000000314e-01
6.749999999999999959e-07 1.626862999999999948e+00 5.367410000000000236e-01
6.760000000000000711e-07 1.629898999999999987e+00 5.344550000000000134e-01
6.770000000000000403e-07 1.632835999999999954e+00 5.321129999999999471e-01
6.780000000000000096e-07 1.635672000000000015e+00 5.297199999999999687e-01
6.790000000000000847e-07 1.638404999999999889e+00 5.272790000000000532e-01
6.800000000000000539e-07 1.641032999999999964e+00 5.247929999999999540e-01
6.810000000000000232e-07 1.643553000000000042e+00 5.222670000000000368e-01
6.819999999999999924e-07 1.645966000000000040e+00 5.197049999999999725e-01
6.830000000000000676e-07 1.648268000000000066e+00 5.171090000000000408e-01
6.840000000000000368e-07 1.650458999999999898e+00 5.144849999999999701e-01
6.850000000000000061e-07 1.652536000000000005e+00 5.118369999999999864e-01
6.860000000000000812e-07 1.654498999999999942e+00 5.091689999999999827e-01
6.870000000000000504e-07 1.656347000000000014e+00 5.064849999999999630e-01
6.880000000000000197e-07 1.658079000000000081e+00 5.037890000000000423e-01
6.890000000000000948e-07 1.659693000000000085e+00 5.010869999999999491e-01
6.900000000000000641e-07 1.661189000000000027e+00 4.983830000000000204e-01
6.910000000000000333e-07 1.662568000000000046e+00 4.956820000000000115e-01
6.920000000000000026e-07 1.663826999999999945e+00 4.929879999999999818e-01
6.930000000000000777e-07 1.664968000000000004e+00 4.903069999999999928e-01
6.940000000000000469e-07 1.665988999999999942e+00 4.876420000000000199e-01
6.950000000000000162e-07 1.666892999999999958e+00 4.850010000000000154e-01
6.960000000000000913e-07 1.667677999999999994e+00 4.823859999999999815e-01
6.970000000000000606e-07 1.668344999999999967e+00 4.798040000000000083e-01
6.980000000000000298e-07 1.668895000000000017e+00 4.772600000000000176e-01
6.989999999999999991e-07 1.669329999999999981e+00 4.747589999999999866e-01
7.000000000000000742e-07 1.669650000000000079e+00 4.723060000000000036e-01
7.010000000000000435e-07 1.669858000000000064e+00 4.699059999999999904e-01
7.020000000000000127e-07 1.669953000000000021e+00 4.675650000000000084e-01
7.030000000000000878e-07 1.669939999999999980e+00 4.652890000000000081e-01
7.040000000000000571e-07 1.669820000000000082e+00 4.630810000000000204e-01
7.050000000000000263e-07 1.669594999999999940e+00 4.609480000000000244e-01
7.059999999999999956e-07 1.669268999999999892e+00 4.588949999999999974e-01
7.070000000000000707e-07 1.668843999999999994e+00 4.569280000000000008e-01
7.080000000000000400e-07 1.668323000000000000e+00 4.550500000000000100e-01
7.090000000000000092e-07 1.667710999999999943e+00 4.532680000000000042e-01
7.100000000000000843e-07 1.667011000000000021e+00 4.515859999999999874e-01
7.110000000000000536e-07 1.666228000000000042e+00 4.500089999999999923e-01
7.120000000000000228e-07 1.665365999999999902e+00 4.485430000000000250e-01
7.129999999999999921e-07 1.664428999999999936e+00 4.471899999999999764e-01
7.140000000000000672e-07 1.663424000000000014e+00 4.459569999999999923e-01
7.150000000000000365e-07 1.662355000000000027e+00 4.448469999999999924e-01
7.160000000000000057e-07 1.661227999999999927e+00 4.438639999999999808e-01
7.170000000000000808e-07 1.660050000000000026e+00 4.430120000000000169e-01
7.180000000000000501e-07 1.658825999999999912e+00 4.422949999999999937e-01
7.190000000000000193e-07 1.657562999999999898e+00 4.417150000000000243e-01
7.200000000000000945e-07 1.656266999999999934e+00 4.412760000000000016e-01
7.210000000000000637e-07 1.654946999999999946e+00 4.409799999999999831e-01
7.220000000000000330e-07 1.653609000000000107e+00 4.408290000000000264e-01
7.230000000000000022e-07 1.652260000000000062e+00 4.408259999999999956e-01
7.240000000000000774e-07 1.650908999999999960e+00 4.409710000000000019e-01
7.250000000000000466e-07 1.649564000000000030e+00 4.412659999999999916e-01
7.260000000000000159e-07 1.648231000000000002e+00 4.417110000000000203e-01
7.270000000000000910e-07 1.646919000000000022e+00 4.423059999999999770e-01
7.280000000000000602e-07 1.645637000000000016e+00 4.430509999999999726e-01
7.290000000000000295e-07 1.644392000000000076e+00 4.439449999999999785e-01
7.299999999999999987e-07 1.643192999999999904e+00 4.449859999999999927e-01
7.310000000000000739e-07 1.642047000000000034e+00 4.461720000000000130e-01
7.320000000000000431e-07 1.640962000000000032e+00 4.475009999999999821e-01
7.330000000000000124e-07 1.639947000000000044e+00 4.489699999999999802e-01
7.340000000000000875e-07 1.639008000000000020e+00 4.505750000000000033e-01
7.350000000000000567e-07 1.638152000000000053e+00 4.523119999999999918e-01
7.360000000000000260e-07 1.637388000000000066e+00 4.541769999999999974e-01
7.369999999999999952e-07 1.636721000000000092e+00 4.561649999999999872e-01
7.380000000000000704e-07 1.636158000000000001e+00 4.582700000000000107e-01
7.390000000000000396e-07 1.635704000000000047e+00 4.604869999999999797e-01
7.400000000000000089e-07 1.635364999999999958e+00 4.628099999999999992e-01
7.410000000000000840e-07 1.635143999999999931e+00 4.652310000000000056e-01
7.420000000000000532e-07 1.635048000000000057e+00 4.677450000000000219e-01
7.430000000000000225e-07 1.635078999999999949e+00 4.703439999999999843e-01
7.440000000000000976e-07 1.635240000000000027e+00 4.730219999999999980e-01
7.450000000000000669e-07 1.635534000000000043e+00 4.757709999999999995e-01
7.460000000000000361e-07 1.635963000000000056e+00 4.785840000000000094e-01
7.470000000000000054e-07 1.636527999999999983e+00 4.814530000000000198e-01
7.480000000000000805e-07 1.637227999999999906e+00 4.843729999999999980e-01
7.490000000000000498e-07 1.638066000000000022e+00 4.873359999999999914e-01
7.500000000000000190e-07 1.639038999999999913e+00 4.903350000000000208e-01
7.510000000000000941e-07 1.640147000000000022e+00 4.933629999999999960e-01
7.520000000000000634e-07 1.641388000000000069e+00 4.964149999999999952e-01
7.530000000000000326e-07 1.642759000000000080e+00 4.994850000000000123e-01
7.540000000000000019e-07 1.644258999999999915e+00 5.025680000000000147e-01
7.550000000000000770e-07 1.645885000000000042e+00 5.056580000000000519e-01
7.560000000000000463e-07 1.647631999999999985e+00 5.087519999999999820e-01
7.570000000000000155e-07 1.649496999999999991e+00 5.118449999999999944e-01
7.580000000000000906e-07 1.651477000000000084e+00 5.149340000000000028e-01
7.590000000000000599e-07 1.653566000000000091e+00 5.180169999999999497e-01
7.600000000000000291e-07 1.655761999999999956e+00 5.210919999999999996e-01
7.609999999999999984e-07 1.658060000000000089e+00 5.241569999999999840e-01
7.620000000000000735e-07 1.660455999999999932e+00 5.272109999999999852e-01
7.630000000000000428e-07 1.662944999999999895e+00 5.302540000000000031e-01
7.640000000000000120e-07 1.665524000000000004e+00 5.332869999999999555e-01
7.650000000000000871e-07 1.668188999999999922e+00 5.363090000000000357e-01
7.660000000000000564e-07 1.670935999999999977e+00 5.393250000000000544e-01
7.670000000000000256e-07 1.673762999999999890e+00 5.423339999999999828e-01
7.680000000000001008e-07 1.676668000000000047e+00 5.453400000000000469e-01
7.690000000000000700e-07 1.679645999999999972e+00 5.483449999999999713e-01
7.700000000000000393e-07 1.682698999999999945e+00 5.513540000000000108e-01
7.710000000000000085e-07 1.685823000000000071e+00 5.543700000000000294e-01
7.720000000000000837e-07 1.689019999999999966e+00 5.573970000000000313e-01
7.730000000000000529e-07 1.692288999999999932e+00 5.604400000000000492e-01
7.740000000000000221e-07 1.695632000000000028e+00 5.635029999999999761e-01
7.750000000000000973e-07 1.699049999999999949e+00 5.665909999999999558e-01
7.760000000000000665e-07 1.702545999999999893e+00 5.697079999999999922e-01
7.770000000000000358e-07 1.706123999999999974e+00 5.728590000000000071e-01
7.780000000000000050e-07 1.709789000000000003e+00 5.760490000000000332e-01
7.790000000000000802e-07 1.713545000000000096e+00 5.792810000000000459e-01
7.800000000000000494e-07 1.717398999999999898e+00 5.825590000000000490e-01
7.810000000000000187e-07 1.721357999999999944e+00 5.858870000000000466e-01
7.820000000000000938e-07 1.725430000000000019e+00 5.892659999999999565e-01
7.830000000000000630e-07 1.729622999999999911e+00 5.927000000000000046e-01
7.840000000000000323e-07 1.733948000000000045e+00 5.961889999999999690e-01
7.850000000000000015e-07 1.738412999999999986e+00 5.997320000000000428e-01
7.860000000000000767e-07 1.743030999999999997e+00 6.033300000000000329e-01
7.870000000000000459e-07 1.747811999999999921e+00 6.069799999999999640e-01
7.880000000000000152e-07 1.752766999999999964e+00 6.106789999999999718e-01
7.890000000000000903e-07 1.757910000000000084e+00 6.144220000000000237e-01
7.900000000000000595e-07 1.763250999999999902e+00 6.182029999999999470e-01
7.910000000000000288e-07 1.768802999999999903e+00 6.220149999999999846e-01
7.919999999999999980e-07 1.774577000000000071e+00 6.258479999999999599e-01
7.930000000000000732e-07 1.780586000000000002e+00 6.296920000000000295e-01
7.940000000000000424e-07 1.786839999999999984e+00 6.335349999999999593e-01
7.950000000000000117e-07 1.793349000000000082e+00 6.373630000000000129e-01
7.960000000000000868e-07 1.800122999999999918e+00 6.411620000000000097e-01
7.970000000000000560e-07 1.807169000000000025e+00 6.449139999999999873e-01
7.980000000000000253e-07 1.814494999999999969e+00 6.486039999999999583e-01
7.990000000000001004e-07 1.822105000000000086e+00 6.522109999999999852e-01
8.000000000000000697e-07 1.830005000000000104e+00 6.557169999999999943e-01
8.010000000000000389e-07 1.838195000000000023e+00 6.591010000000000479e-01
8.020000000000000082e-07 1.846678000000000042e+00 6.623409999999999576e-01
8.030000000000000833e-07 1.855450000000000044e+00 6.654179999999999540e-01
8.040000000000000526e-07 1.864509999999999890e+00 6.683069999999999844e-01
8.050000000000000218e-07 1.873850000000000016e+00 6.709889999999999466e-01
8.060000000000000969e-07 1.883464999999999945e+00 6.734409999999999563e-01
8.070000000000000662e-07 1.893348000000000031e+00 6.756429999999999936e-01
8.080000000000000354e-07 1.903480999999999979e+00 6.775740000000000096e-01
8.090000000000000047e-07 1.913858000000000059e+00 6.792139999999999844e-01
8.100000000000000798e-07 1.924461999999999895e+00 6.805449999999999555e-01
8.110000000000000491e-07 1.935278000000000054e+00 6.815489999999999604e-01
8.120000000000000183e-07 1.946288999999999936e+00 6.822089999999999543e-01
8.130000000000000934e-07 1.957473999999999936e+00 6.825109999999999788e-01
8.140000000000000627e-07 1.968817000000000039e+00 6.824409999999999643e-01
8.150000000000000319e-07 1.980296000000000056e+00 6.819859999999999811e-01
8.160000000000000012e-07 1.991889000000000021e+00 6.811369999999999925e-01
8.170000000000000763e-07 2.003575000000000106e+00 6.798830000000000151e-01
8.180000000000000456e-07 2.015331999999999901e+00 6.782190000000000163e-01
8.190000000000000148e-07 2.027133000000000074e+00 6.761369999999999880e-01
8.200000000000000899e-07 2.038962999999999859e+00 6.736330000000000373e-01
8.210000000000000592e-07 2.050793999999999784e+00 6.707039999999999669e-01
8.220000000000000284e-07 2.062600999999999907e+00 6.673489999999999700e-01
8.230000000000001036e-07 2.074364999999999792e+00 6.635680000000000467e-01
8.240000000000000728e-07 2.086062000000000083e+00 6.593620000000000037e-01
8.250000000000000421e-07 2.097665999999999809e+00 6.547359999999999847e-01
8.260000000000000113e-07 2.109159000000000006e+00 6.496910000000000185e-01
8.270000000000000865e-07 2.120515999999999845e+00 6.442329999999999446e-01
8.280000000000000557e-07 2.131717000000000084e+00 6.383699999999999930e-01
8.290000000000000250e-07 2.142741000000000007e+00 6.321090000000000320e-01
8.300000000000001001e-07 2.153567999999999927e+00 6.254579999999999584e-01
8.310000000000000693e-07 2.164175999999999878e+00 6.184279999999999777e-01
8.320000000000000386e-07 2.174545999999999868e+00 6.110309999999999908e-01
8.330000000000000078e-07 2.184660000000000046e+00 6.032779999999999809e-01
8.340000000000000830e-07 2.194500999999999813e+00 5.951819999999999888e-01
8.350000000000000522e-07 2.204047000000000089e+00 5.867609999999999770e-01
8.360000000000000215e-07 2.213286999999999782e+00 5.780250000000000110e-01
8.370000000000000966e-07 2.222204000000000068e+00 5.689939999999999998e-01
8.380000000000000658e-07 2.230783000000000182e+00 5.596830000000000416e-01
8.390000000000000351e-07 2.239011000000000084e+00 5.501120000000000454e-01
8.400000000000000043e-07 2.246875000000000178e+00 5.402979999999999450e-01
8.410000000000000795e-07 2.254363999999999812e+00 5.302620000000000111e-01
8.420000000000000487e-07 2.261470000000000091e+00 5.200240000000000418e-01
8.430000000000000180e-07 2.268181999999999920e+00 5.096039999999999459e-01
8.440000000000000931e-07 2.274493999999999794e+00 4.990229999999999944e-01
8.450000000000000623e-07 2.280400999999999900e+00 4.883040000000000158e-01
8.460000000000000316e-07 2.285896999999999846e+00 4.774689999999999768e-01
8.470000000000000008e-07 2.290980999999999934e+00 4.665360000000000062e-01
8.480000000000000760e-07 2.295650000000000190e+00 4.555339999999999945e-01
8.490000000000000452e-07 2.299904999999999866e+00 4.444810000000000150e-01
8.500000000000000145e-07 2.303748000000000129e+00 4.333949999999999747e-01
8.510000000000000896e-07 2.307182000000000066e+00 4.223009999999999819e-01
8.520000000000000589e-07 2.310210000000000097e+00 4.112219999999999764e-01
8.530000000000000281e-07 2.312840000000000007e+00 4.001750000000000029e-01
8.540000000000001032e-07 2.315077000000000051e+00 3.891809999999999992e-01
8.550000000000000725e-07 2.316930999999999852e+00 3.782570000000000099e-01
8.560000000000000417e-07 2.318408999999999942e+00 3.674229999999999996e-01
8.570000000000000110e-07 2.319523999999999919e+00 3.566940000000000111e-01
8.580000000000000861e-07 2.320285999999999849e+00 3.460869999999999780e-01
8.590000000000000554e-07 2.320707000000000075e+00 3.356160000000000254e-01
8.600000000000000246e-07 2.320800000000000196e+00 3.252950000000000008e-01
8.610000000000000997e-07 2.320578999999999947e+00 3.151379999999999737e-01
8.620000000000000690e-07 2.320056000000000118e+00 3.051519999999999788e-01
8.630000000000000382e-07 2.319246999999999836e+00 2.953509999999999747e-01
8.640000000000000075e-07 2.318165000000000031e+00 2.857439999999999980e-01
8.650000000000000826e-07 2.316825000000000134e+00 2.763369999999999993e-01
8.660000000000000519e-07 2.315243000000000162e+00 2.671370000000000133e-01
8.670000000000000211e-07 2.313432000000000155e+00 2.581519999999999926e-01
8.680000000000000962e-07 2.311406999999999989e+00 2.493829999999999936e-01
8.690000000000000655e-07 2.309181999999999846e+00 2.408359999999999945e-01
8.700000000000000347e-07 2.306773000000000184e+00 2.325129999999999975e-01
8.710000000000000040e-07 2.304190999999999878e+00 2.244160000000000044e-01
8.720000000000000791e-07 2.301451000000000136e+00 2.165449999999999875e-01
8.730000000000000484e-07 2.298566000000000109e+00 2.089020000000000044e-01
8.740000000000000176e-07 2.295548000000000144e+00 2.014839999999999964e-01
8.750000000000000928e-07 2.292409999999999837e+00 1.942919999999999925e-01
8.760000000000000620e-07 2.289162999999999837e+00 1.873219999999999885e-01
8.770000000000000313e-07 2.285817999999999905e+00 1.805740000000000123e-01
8.780000000000001064e-07 2.282385999999999804e+00 1.740430000000000033e-01
8.790000000000000756e-07 2.278875999999999902e+00 1.677269999999999872e-01
8.800000000000000449e-07 2.275298999999999960e+00 1.616219999999999879e-01
8.810000000000000141e-07 2.271663999999999906e+00 1.557250000000000023e-01
8.820000000000000893e-07 2.267977000000000132e+00 1.500279999999999947e-01
8.830000000000000585e-07 2.264248999999999956e+00 1.445319999999999938e-01
8.840000000000000278e-07 2.260486000000000217e+00 1.392279999999999907e-01
8.850000000000001029e-07 2.256695000000000118e+00 1.341130000000000100e-01
8.860000000000000721e-07 2.252883000000000191e+00 1.291839999999999933e-01
8.870000000000000414e-07 2.249054999999999804e+00 1.244330000000000019e-01
8.880000000000000106e-07 2.245219000000000076e+00 1.198560000000000042e-01
8.890000000000000858e-07 2.241375999999999813e+00 1.154469999999999941e-01
8.900000000000000550e-07 2.237534000000000134e+00 1.112019999999999953e-01
8.910000000000000243e-07 2.233696999999999822e+00 1.071160000000000029e-01
8.920000000000000994e-07 2.229868000000000183e+00 1.031839999999999979e-01
8.930000000000000686e-07 2.226052000000000142e+00 9.939900000000000124e-02
8.940000000000000379e-07 2.222250999999999976e+00 9.575899999999999690e-02
8.950000000000000071e-07 2.218468000000000107e+00 9.225700000000000567e-02
8.960000000000000823e-07 2.214706000000000063e+00 8.888899999999999579e-02
8.970000000000000515e-07 2.210970000000000102e+00 8.565200000000000591e-02
8.980000000000000208e-07 2.207257999999999942e+00 8.253699999999999926e-02
8.990000000000000959e-07 2.203574000000000144e+00 7.954400000000000359e-02
9.000000000000000652e-07 2.199920000000000098e+00 7.666599999999999804e-02
9.010000000000000344e-07 2.196298000000000084e+00 7.389999999999999347e-02
9.020000000000000037e-07 2.192708000000000101e+00 7.123999999999999777e-02
9.030000000000000788e-07 2.189153000000000127e+00 6.868499999999999606e-02
9.040000000000000480e-07 2.185632000000000019e+00 6.622899999999999621e-02
9.050000000000000173e-07 2.182147000000000059e+00 6.386799999999999422e-02
9.060000000000000924e-07 2.178697999999999801e+00 6.159900000000000098e-02
9.070000000000000617e-07 2.175286999999999971e+00 5.941899999999999959e-02
9.080000000000000309e-07 2.171912999999999982e+00 5.732399999999999995e-02
9.090000000000001060e-07 2.168578000000000117e+00 5.530999999999999805e-02
9.100000000000000753e-07 2.165280000000000094e+00 5.337499999999999883e-02
9.110000000000000445e-07 2.162021999999999888e+00 5.151499999999999829e-02
9.120000000000000138e-07 2.158802000000000110e+00 4.972700000000000037e-02
9.130000000000000889e-07 2.155621000000000009e+00 4.800999999999999712e-02
9.140000000000000582e-07 2.152477999999999891e+00 4.635899999999999743e-02
9.150000000000000274e-07 2.149373999999999896e+00 4.477199999999999930e-02
9.160000000000001025e-07 2.146309000000000022e+00 4.324599999999999972e-02
9.170000000000000718e-07 2.143282000000000131e+00 4.177999999999999770e-02
9.180000000000000410e-07 2.140293999999999919e+00 4.037000000000000310e-02
9.190000000000000103e-07 2.137342999999999993e+00 3.901500000000000107e-02
9.200000000000000854e-07 2.134428999999999910e+00 3.771200000000000246e-02
9.210000000000000547e-07 2.131553999999999949e+00 3.645999999999999935e-02
9.220000000000000239e-07 2.128715000000000135e+00 3.525500000000000161e-02
9.230000000000000991e-07 2.125912000000000024e+00 3.409700000000000231e-02
9.240000000000000683e-07 2.123145000000000060e+00 3.298299999999999843e-02
9.250000000000000376e-07 2.120413999999999799e+00 3.191200000000000286e-02
9.260000000000000068e-07 2.117719000000000129e+00 3.088199999999999973e-02
9.270000000000000819e-07 2.115057999999999883e+00 2.988999999999999990e-02
9.280000000000000512e-07 2.112430999999999948e+00 2.893700000000000092e-02
9.290000000000000204e-07 2.109839000000000020e+00 2.801899999999999877e-02
9.300000000000000956e-07 2.107279999999999820e+00 2.713700000000000140e-02
9.310000000000000648e-07 2.104753000000000096e+00 2.628700000000000134e-02
9.320000000000000341e-07 2.102259000000000100e+00 2.546999999999999958e-02
9.330000000000001092e-07 2.099797000000000136e+00 2.468300000000000008e-02
9.340000000000000784e-07 2.097366000000000064e+00 2.392599999999999935e-02
9.350000000000000477e-07 2.094967000000000024e+00 2.319699999999999887e-02
9.360000000000000169e-07 2.092597000000000040e+00 2.249500000000000111e-02
9.370000000000000921e-07 2.090257999999999949e+00 2.181900000000000159e-02
9.380000000000000613e-07 2.087947999999999915e+00 2.116799999999999932e-02
9.390000000000000306e-07 2.085666999999999938e+00 2.054100000000000023e-02
9.400000000000001057e-07 2.083415000000000017e+00 1.993699999999999986e-02
9.410000000000000749e-07 2.081189999999999873e+00 1.935500000000000068e-02
9.420000000000000442e-07 2.078993000000000091e+00 1.879499999999999921e-02
9.430000000000000134e-07 2.076823000000000086e+00 1.825399999999999939e-02
9.440000000000000886e-07 2.074679999999999858e+00 1.773399999999999976e-02
9.450000000000000578e-07 2.072563000000000155e+00 1.723200000000000079e-02
9.460000000000000271e-07 2.070470999999999950e+00 1.674799999999999900e-02
9.470000000000001022e-07 2.068404999999999827e+00 1.628200000000000133e-02
9.480000000000000715e-07 2.066364000000000090e+00 1.583199999999999885e-02
9.490000000000000407e-07 2.064347000000000154e+00 1.539899999999999949e-02
9.500000000000000100e-07 2.062354000000000021e+00 1.498000000000000026e-02
9.510000000000000851e-07 2.060383999999999993e+00 1.457699999999999968e-02
9.520000000000000543e-07 2.058438999999999908e+00 1.418799999999999922e-02
9.530000000000000236e-07 2.056515000000000093e+00 1.381199999999999962e-02
9.540000000000000987e-07 2.054613999999999940e+00 1.344899999999999915e-02
9.549999999999999621e-07 2.052734000000000059e+00 1.309899999999999953e-02
9.560000000000000372e-07 2.050876000000000143e+00 1.276099999999999977e-02
9.570000000000001123e-07 2.049039000000000055e+00 1.243499999999999987e-02
9.579999999999999757e-07 2.047222999999999793e+00 1.212000000000000056e-02
9.590000000000000508e-07 2.045427999999999802e+00 1.181600000000000011e-02
9.600000000000001260e-07 2.043652999999999942e+00 1.152199999999999926e-02
9.609999999999999893e-07 2.041897000000000073e+00 1.123700000000000046e-02
9.620000000000000645e-07 2.040162000000000031e+00 1.096300000000000052e-02
9.630000000000001396e-07 2.038444000000000145e+00 1.069699999999999991e-02
9.640000000000000030e-07 2.036745999999999945e+00 1.044100000000000063e-02
9.650000000000000781e-07 2.035066000000000042e+00 1.019300000000000067e-02
9.660000000000001532e-07 2.033405000000000129e+00 9.953000000000000042e-03
9.670000000000000166e-07 2.031760999999999928e+00 9.719999999999999474e-03
9.680000000000000917e-07 2.030133999999999883e+00 9.495999999999999233e-03
9.689999999999999551e-07 2.028525000000000134e+00 9.277999999999999789e-03
9.700000000000000302e-07 2.026933000000000096e+00 9.067999999999999672e-03
9.710000000000001053e-07 2.025358000000000214e+00 8.864000000000000351e-03
9.719999999999999687e-07 2.023798000000000208e+00 8.666999999999999357e-03
9.730000000000000438e-07 2.022254999999999914e+00 8.475999999999999160e-03
9.740000000000001190e-07 2.020728000000000080e+00 8.290999999999999759e-03
9.749999999999999823e-07 2.019216999999999818e+00 8.111999999999999419e-03
9.760000000000000575e-07 2.017720000000000180e+00 7.938000000000000611e-03
9.770000000000001326e-07 2.016239000000000114e+00 7.769999999999999997e-03
9.779999999999999960e-07 2.014772999999999925e+00 7.607000000000000046e-03
9.790000000000000711e-07 2.013320999999999916e+00 7.447999999999999760e-03
9.800000000000001462e-07 2.011883999999999784e+00 7.295000000000000269e-03
9.810000000000000096e-07 2.010460999999999832e+00 7.145999999999999575e-03
9.820000000000000847e-07 2.009052000000000060e+00 7.001000000000000278e-03
9.830000000000001599e-07 2.007655999999999885e+00 6.860999999999999911e-03
9.840000000000000232e-07 2.006273999999999891e+00 6.725000000000000075e-03
9.850000000000000984e-07 2.004904999999999937e+00 6.592999999999999902e-03
9.859999999999999617e-07 2.003550000000000164e+00 6.464000000000000128e-03
9.870000000000000369e-07 2.002206000000000152e+00 6.339000000000000017e-03
9.880000000000001120e-07 2.000875999999999877e+00 6.217999999999999569e-03
9.889999999999999754e-07 1.999559000000000086e+00 6.100000000000000387e-03
9.900000000000000505e-07 1.998253000000000057e+00 5.986000000000000001e-03
9.910000000000001256e-07 1.996960000000000068e+00 5.875000000000000014e-03
9.919999999999999890e-07 1.995678999999999981e+00 5.766000000000000292e-03
9.930000000000000641e-07 1.994409000000000098e+00 5.661000000000000233e-03
9.940000000000001392e-07 1.993150999999999895e+00 5.557999999999999573e-03
9.950000000000000026e-07 1.991903999999999897e+00 5.459000000000000311e-03
9.960000000000000777e-07 1.990669000000000022e+00 5.361999999999999579e-03
9.970000000000001529e-07 1.989444999999999908e+00 5.266999999999999980e-03
9.980000000000000162e-07 1.988231000000000082e+00 5.174999999999999913e-03
9.990000000000000914e-07 1.987028999999999934e+00 5.085000000000000110e-03
1.000000000000000167e-06 1.985837000000000074e+00 4.997999999999999839e-03
