x	G_ehp
0.000000000000000000e+00	1.678332000000000005e+28
1.250000000000000026e-09	1.657277000000000010e+28
2.500000000000000052e-09	1.629738000000000087e+28
3.749999999999999665e-09	1.602824000000000077e+28
5.000000000000000105e-09	1.576519999999999972e+28
6.249999999999999717e-09	1.550807999999999896e+28
7.499999999999999330e-09	1.525673000000000062e+28
8.750000000000000597e-09	1.501096999999999935e+28
1.000000000000000021e-08	1.477065999999999977e+28
1.124999999999999982e-08	1.453562000000000093e+28
1.249999999999999943e-08	1.430569000000000026e+28
1.375000000000000070e-08	1.408070999999999959e+28
1.499999999999999866e-08	1.386053999999999917e+28
1.624999999999999993e-08	1.364500000000000021e+28
1.750000000000000119e-08	1.343395000000000077e+28
1.874999999999999915e-08	1.322722000000000017e+28
2.000000000000000042e-08	1.302467999999999894e+28
2.124999999999999838e-08	1.282616999999999893e+28
2.249999999999999964e-08	1.263154000000000005e+28
2.375000000000000091e-08	1.244064000000000005e+28
2.499999999999999887e-08	1.225333999999999946e+28
2.625000000000000014e-08	1.206948000000000010e+28
2.750000000000000140e-08	1.188894000000000061e+28
2.874999999999999936e-08	1.171156000000000062e+28
2.999999999999999732e-08	1.153722999999999906e+28
3.124999999999999859e-08	1.136580000000000026e+28
3.249999999999999985e-08	1.119714000000000034e+28
3.375000000000000112e-08	1.103114000000000044e+28
3.500000000000000239e-08	1.086767000000000107e+28
3.624999999999999704e-08	1.070660000000000058e+28
3.749999999999999830e-08	1.054783000000000038e+28
3.874999999999999957e-08	1.039123000000000100e+28
4.000000000000000084e-08	1.023670999999999976e+28
4.125000000000000210e-08	1.008413999999999938e+28
4.249999999999999675e-08	9.933433000000000148e+27
4.374999999999999802e-08	9.784484000000000025e+27
4.499999999999999929e-08	9.637198999999999734e+27
4.625000000000000055e-08	9.491487999999999896e+27
4.750000000000000182e-08	9.347262000000000278e+27
4.875000000000000309e-08	9.204436999999999702e+27
4.999999999999999774e-08	9.062935999999999832e+27
5.124999999999999900e-08	8.922682000000000137e+27
5.250000000000000027e-08	8.783604999999999631e+27
5.375000000000000154e-08	8.645639000000000530e+27
5.500000000000000281e-08	8.508721000000000297e+27
5.624999999999999745e-08	8.372792999999999846e+27
5.749999999999999872e-08	8.237803000000000487e+27
5.874999999999999999e-08	8.103700999999999632e+27
5.999999999999999464e-08	7.970442999999999490e+27
6.124999999999999590e-08	7.837987999999999721e+27
6.249999999999999717e-08	7.706301999999999532e+27
6.374999999999999844e-08	7.575351999999999480e+27
6.499999999999999971e-08	7.445112999999999921e+27
6.625000000000000097e-08	7.315561000000000359e+27
6.750000000000000224e-08	7.186678999999999851e+27
6.875000000000000351e-08	7.058453999999999546e+27
7.000000000000000477e-08	6.930876000000000249e+27
7.125000000000000604e-08	6.803939999999999610e+27
7.249999999999999407e-08	6.677644999999999579e+27
7.374999999999999534e-08	6.551992999999999555e+27
7.499999999999999661e-08	6.426992999999999588e+27
7.624999999999999787e-08	6.302654999999999974e+27
7.749999999999999914e-08	6.178994000000000061e+27
7.875000000000000041e-08	6.056029000000000194e+27
8.000000000000000167e-08	5.933781000000000118e+27
8.125000000000000294e-08	5.812276999999999978e+27
8.250000000000000421e-08	5.691545000000000167e+27
8.375000000000000547e-08	5.571618000000000129e+27
8.499999999999999351e-08	5.452529999999999555e+27
8.624999999999999477e-08	5.334320999999999636e+27
8.749999999999999604e-08	5.217030000000000214e+27
8.874999999999999731e-08	5.100701000000000180e+27
8.999999999999999857e-08	4.985380000000000023e+27
9.124999999999999984e-08	4.871115000000000183e+27
9.250000000000000111e-08	4.757957000000000198e+27
9.375000000000000238e-08	4.645957000000000157e+27
9.500000000000000364e-08	4.535168999999999798e+27
9.625000000000000491e-08	4.425648000000000209e+27
9.750000000000000618e-08	4.317451000000000227e+27
9.874999999999999421e-08	4.210636000000000040e+27
9.999999999999999547e-08	4.105260000000000134e+27
1.012499999999999967e-07	4.001385000000000047e+27
1.024999999999999980e-07	3.899068000000000265e+27
1.037499999999999993e-07	3.798368999999999826e+27
1.050000000000000005e-07	3.699349000000000216e+27
1.062500000000000018e-07	3.602069000000000170e+27
1.075000000000000031e-07	3.506588000000000128e+27
1.087500000000000043e-07	3.412964999999999974e+27
1.100000000000000056e-07	3.321257000000000197e+27
1.112499999999999936e-07	3.231523000000000134e+27
1.124999999999999949e-07	3.143817999999999772e+27
1.137499999999999962e-07	3.058197000000000200e+27
1.149999999999999974e-07	2.974712999999999805e+27
1.162499999999999987e-07	2.893418000000000026e+27
1.175000000000000000e-07	2.814360999999999903e+27
1.187500000000000012e-07	2.737589000000000174e+27
1.199999999999999893e-07	2.663146999999999980e+27
1.212500000000000038e-07	2.591078000000000162e+27
1.224999999999999918e-07	2.521422999999999960e+27
1.237500000000000063e-07	2.454216999999999867e+27
1.249999999999999943e-07	2.389494000000000124e+27
1.262500000000000088e-07	2.327286999999999901e+27
1.274999999999999969e-07	2.267620999999999941e+27
1.287500000000000114e-07	2.210521999999999863e+27
1.299999999999999994e-07	2.156009999999999989e+27
1.312499999999999874e-07	2.104101999999999889e+27
1.325000000000000019e-07	2.054812000000000035e+27
1.337499999999999900e-07	2.008148999999999925e+27
1.350000000000000045e-07	1.964117999999999984e+27
1.362499999999999925e-07	1.922720999999999885e+27
1.375000000000000070e-07	1.883955999999999954e+27
1.387499999999999950e-07	1.847816000000000094e+27
1.400000000000000095e-07	1.814289000000000055e+27
1.412499999999999976e-07	1.783360999999999917e+27
1.425000000000000121e-07	1.755012999999999884e+27
1.437500000000000001e-07	1.729221000000000010e+27
1.449999999999999881e-07	1.705955999999999928e+27
1.462500000000000026e-07	1.685188000000000119e+27
1.474999999999999907e-07	1.666879999999999867e+27
1.487500000000000052e-07	1.650989999999999954e+27
1.499999999999999932e-07	1.637475000000000092e+27
1.512500000000000077e-07	1.626287000000000115e+27
1.524999999999999957e-07	1.617371000000000036e+27
1.537500000000000102e-07	1.610670999999999892e+27
1.549999999999999983e-07	1.606127000000000097e+27
1.562500000000000128e-07	1.603674000000000089e+27
1.575000000000000008e-07	1.603244999999999909e+27
1.587499999999999888e-07	1.604767000000000022e+27
1.600000000000000033e-07	1.608166000000000096e+27
1.612499999999999914e-07	1.613362999999999922e+27
1.625000000000000059e-07	1.620276999999999894e+27
1.637499999999999939e-07	1.628823999999999929e+27
1.650000000000000084e-07	1.638916000000000048e+27
1.662499999999999964e-07	1.650463000000000046e+27
1.675000000000000109e-07	1.663373000000000042e+27
1.687499999999999990e-07	1.677550999999999958e+27
1.699999999999999870e-07	1.692900000000000040e+27
1.712500000000000015e-07	1.709322999999999984e+27
1.724999999999999895e-07	1.726718999999999864e+27
1.737500000000000040e-07	1.744986000000000050e+27
1.749999999999999921e-07	1.764021000000000117e+27
1.762500000000000066e-07	1.783719999999999938e+27
1.774999999999999946e-07	1.803977999999999960e+27
1.787500000000000091e-07	1.824690000000000081e+27
1.799999999999999971e-07	1.845749999999999950e+27
1.812500000000000117e-07	1.867053000000000016e+27
1.824999999999999997e-07	1.888491999999999952e+27
1.837499999999999877e-07	1.909963999999999880e+27
1.850000000000000022e-07	1.931362000000000025e+27
1.862499999999999902e-07	1.952582999999999959e+27
1.875000000000000048e-07	1.973525000000000054e+27
1.887499999999999928e-07	1.994086000000000134e+27
1.900000000000000073e-07	2.014166999999999945e+27
1.912499999999999953e-07	2.033669000000000059e+27
1.925000000000000098e-07	2.052498000000000096e+27
1.937499999999999978e-07	2.070558000000000004e+27
1.950000000000000124e-07	2.087757999999999877e+27
1.962500000000000004e-07	2.104010999999999984e+27
1.974999999999999884e-07	2.119231000000000019e+27
1.987500000000000029e-07	2.133334999999999876e+27
1.999999999999999909e-07	2.146242999999999923e+27
2.012500000000000055e-07	2.157881000000000100e+27
2.024999999999999935e-07	2.168176000000000049e+27
2.037500000000000080e-07	2.177060000000000110e+27
2.049999999999999960e-07	2.184468999999999973e+27
2.062500000000000105e-07	2.190342000000000074e+27
2.074999999999999986e-07	2.194625000000000127e+27
2.087500000000000131e-07	2.197266000000000069e+27
2.100000000000000011e-07	2.198217999999999983e+27
2.112499999999999891e-07	2.197439000000000105e+27
2.125000000000000036e-07	2.194892999999999968e+27
2.137499999999999917e-07	2.190548000000000104e+27
2.150000000000000062e-07	2.184374999999999868e+27
2.162499999999999942e-07	2.176354000000000041e+27
2.175000000000000087e-07	2.166466000000000002e+27
2.187499999999999967e-07	2.154701000000000003e+27
2.200000000000000112e-07	2.141050999999999971e+27
2.212499999999999993e-07	2.125515999999999905e+27
2.224999999999999873e-07	2.108098000000000030e+27
2.237500000000000018e-07	2.088807000000000095e+27
2.249999999999999898e-07	2.067657999999999995e+27
2.262500000000000043e-07	2.044669000000000102e+27
2.274999999999999924e-07	2.019866000000000035e+27
2.287500000000000069e-07	1.993277999999999888e+27
2.299999999999999949e-07	1.964938999999999902e+27
2.312500000000000094e-07	1.934889999999999870e+27
2.324999999999999974e-07	1.903175000000000056e+27
2.337500000000000119e-07	1.869843000000000049e+27
2.350000000000000000e-07	1.834946999999999889e+27
2.362499999999999880e-07	1.798546999999999985e+27
2.375000000000000025e-07	1.760704999999999876e+27
2.387499999999999905e-07	1.721487000000000095e+27
2.399999999999999786e-07	1.680965999999999903e+27
2.412500000000000195e-07	1.639214999999999932e+27
2.425000000000000076e-07	1.596314000000000091e+27
2.437499999999999956e-07	1.552343000000000011e+27
2.449999999999999836e-07	1.507389999999999949e+27
2.462500000000000246e-07	1.461540999999999934e+27
2.475000000000000126e-07	1.414889000000000097e+27
2.487500000000000007e-07	1.367527999999999992e+27
2.499999999999999887e-07	1.331615999999999881e+27
