x	G_ehp
0.000000000000000000e+00	3.866217000000000227e+27
1.250000000000000026e-09	3.817732000000000146e+27
2.500000000000000052e-09	3.754316000000000164e+27
3.749999999999999665e-09	3.692344000000000064e+27
5.000000000000000105e-09	3.631775999999999754e+27
6.249999999999999717e-09	3.572574999999999891e+27
7.499999999999999330e-09	3.514704000000000034e+27
8.750000000000000597e-09	3.458123000000000091e+27
1.000000000000000021e-08	3.402795000000000172e+27
1.124999999999999982e-08	3.348682999999999834e+27
1.249999999999999943e-08	3.295749999999999736e+27
1.375000000000000070e-08	3.243958999999999985e+27
1.499999999999999866e-08	3.193273999999999839e+27
1.624999999999999993e-08	3.143657999999999958e+27
1.750000000000000119e-08	3.095075000000000147e+27
1.874999999999999915e-08	3.047489999999999917e+27
2.000000000000000042e-08	3.000867999999999873e+27
2.124999999999999838e-08	2.955174000000000074e+27
2.249999999999999964e-08	2.910373999999999728e+27
2.375000000000000091e-08	2.866434000000000241e+27
2.499999999999999887e-08	2.823320999999999972e+27
2.625000000000000014e-08	2.781002000000000027e+27
2.750000000000000140e-08	2.739443999999999864e+27
2.874999999999999936e-08	2.698617000000000239e+27
2.999999999999999732e-08	2.658488999999999760e+27
3.124999999999999859e-08	2.619029000000000033e+27
3.249999999999999985e-08	2.580207999999999865e+27
3.375000000000000112e-08	2.541996000000000012e+27
3.500000000000000239e-08	2.504365000000000081e+27
3.624999999999999704e-08	2.467287999999999927e+27
3.749999999999999830e-08	2.430736999999999982e+27
3.874999999999999957e-08	2.394687000000000051e+27
4.000000000000000084e-08	2.359110999999999991e+27
4.125000000000000210e-08	2.323985000000000131e+27
4.249999999999999675e-08	2.289285999999999952e+27
4.374999999999999802e-08	2.254990000000000058e+27
4.499999999999999929e-08	2.221074999999999905e+27
4.625000000000000055e-08	2.187520999999999998e+27
4.750000000000000182e-08	2.154308000000000015e+27
4.875000000000000309e-08	2.121414999999999936e+27
4.999999999999999774e-08	2.088824999999999916e+27
5.124999999999999900e-08	2.056521000000000107e+27
5.250000000000000027e-08	2.024484999999999864e+27
5.375000000000000154e-08	1.992704000000000064e+27
5.500000000000000281e-08	1.961162000000000012e+27
5.624999999999999745e-08	1.929846000000000035e+27
5.749999999999999872e-08	1.898743999999999885e+27
5.874999999999999999e-08	1.867845000000000116e+27
5.999999999999999464e-08	1.837137999999999904e+27
6.124999999999999590e-08	1.806615000000000002e+27
6.249999999999999717e-08	1.776266000000000111e+27
6.374999999999999844e-08	1.746086000000000082e+27
6.499999999999999971e-08	1.716067000000000118e+27
6.625000000000000097e-08	1.686206000000000019e+27
6.750000000000000224e-08	1.656495999999999962e+27
6.875000000000000351e-08	1.626936999999999947e+27
7.000000000000000477e-08	1.597525000000000073e+27
7.125000000000000604e-08	1.568260000000000068e+27
7.249999999999999407e-08	1.539140999999999955e+27
7.374999999999999534e-08	1.510168999999999984e+27
7.499999999999999661e-08	1.481346000000000106e+27
7.624999999999999787e-08	1.452673999999999994e+27
7.749999999999999914e-08	1.424158000000000073e+27
7.875000000000000041e-08	1.395800999999999992e+27
8.000000000000000167e-08	1.367607999999999899e+27
8.125000000000000294e-08	1.339585999999999894e+27
8.250000000000000421e-08	1.311742000000000074e+27
8.375000000000000547e-08	1.284082000000000014e+27
8.499999999999999351e-08	1.256616000000000010e+27
8.624999999999999477e-08	1.229351000000000025e+27
8.749999999999999604e-08	1.202298000000000055e+27
8.874999999999999731e-08	1.175466999999999987e+27
8.999999999999999857e-08	1.148867000000000004e+27
9.124999999999999984e-08	1.122512000000000031e+27
9.250000000000000111e-08	1.096410999999999976e+27
9.375000000000000238e-08	1.070578000000000036e+27
9.500000000000000364e-08	1.045023999999999935e+27
9.625000000000000491e-08	1.019763000000000007e+27
9.750000000000000618e-08	9.948071999999999712e+26
9.874999999999999421e-08	9.701706000000000249e+26
9.999999999999999547e-08	9.458664999999999427e+26
1.012499999999999967e-07	9.219087999999999788e+26
1.024999999999999980e-07	8.983111999999999528e+26
1.037499999999999993e-07	8.750873999999999592e+26
1.050000000000000005e-07	8.522514000000000573e+26
1.062500000000000018e-07	8.298174999999999966e+26
1.075000000000000031e-07	8.077991999999999865e+26
1.087500000000000043e-07	7.862101999999999840e+26
1.100000000000000056e-07	7.650638999999999812e+26
1.112499999999999936e-07	7.443734000000000050e+26
1.124999999999999949e-07	7.241519999999999677e+26
1.137499999999999962e-07	7.044119999999999440e+26
1.149999999999999974e-07	6.851659000000000310e+26
1.162499999999999987e-07	6.664255000000000413e+26
1.175000000000000000e-07	6.482022000000000173e+26
1.187500000000000012e-07	6.305069000000000141e+26
1.199999999999999893e-07	6.133500000000000305e+26
1.212500000000000038e-07	5.967412999999999984e+26
1.224999999999999918e-07	5.806899999999999879e+26
1.237500000000000063e-07	5.652045999999999912e+26
1.249999999999999943e-07	5.502928999999999901e+26
1.262500000000000088e-07	5.359620000000000256e+26
1.274999999999999969e-07	5.222181999999999801e+26
1.287500000000000114e-07	5.090671000000000010e+26
1.299999999999999994e-07	4.965135000000000086e+26
1.312499999999999874e-07	4.845612000000000171e+26
1.325000000000000019e-07	4.732132000000000194e+26
1.337499999999999900e-07	4.624716999999999877e+26
1.350000000000000045e-07	4.523379999999999991e+26
1.362499999999999925e-07	4.428120999999999850e+26
1.375000000000000070e-07	4.338936999999999802e+26
1.387499999999999950e-07	4.255811000000000003e+26
1.400000000000000095e-07	4.178716000000000171e+26
1.412499999999999976e-07	4.107617999999999925e+26
1.425000000000000121e-07	4.042471999999999714e+26
1.437500000000000001e-07	3.983222000000000125e+26
1.449999999999999881e-07	3.929803000000000046e+26
1.462500000000000026e-07	3.882142000000000219e+26
1.474999999999999907e-07	3.840152999999999927e+26
1.487500000000000052e-07	3.803742999999999726e+26
1.499999999999999932e-07	3.772807000000000202e+26
1.512500000000000077e-07	3.747233999999999893e+26
1.524999999999999957e-07	3.726898999999999888e+26
1.537500000000000102e-07	3.711673000000000141e+26
1.549999999999999983e-07	3.701414999999999946e+26
1.562500000000000128e-07	3.695975000000000336e+26
1.575000000000000008e-07	3.695197000000000296e+26
1.587499999999999888e-07	3.698914000000000324e+26
1.600000000000000033e-07	3.706953000000000247e+26
1.612499999999999914e-07	3.719132999999999680e+26
1.625000000000000059e-07	3.735267000000000313e+26
1.637499999999999939e-07	3.755156999999999854e+26
1.650000000000000084e-07	3.778602999999999908e+26
1.662499999999999964e-07	3.805395999999999698e+26
1.675000000000000109e-07	3.835324000000000169e+26
1.687499999999999990e-07	3.868168000000000109e+26
1.699999999999999870e-07	3.903704999999999915e+26
1.712500000000000015e-07	3.941707000000000114e+26
1.724999999999999895e-07	3.981943000000000207e+26
1.737500000000000040e-07	4.024179000000000046e+26
1.749999999999999921e-07	4.068175000000000182e+26
1.762500000000000066e-07	4.113693000000000020e+26
1.774999999999999946e-07	4.160490999999999887e+26
1.787500000000000091e-07	4.208324999999999888e+26
1.799999999999999971e-07	4.256952000000000238e+26
1.812500000000000117e-07	4.306127999999999668e+26
1.824999999999999997e-07	4.355609000000000341e+26
1.837499999999999877e-07	4.405153999999999952e+26
1.850000000000000022e-07	4.454520000000000089e+26
1.862499999999999902e-07	4.503469000000000155e+26
1.875000000000000048e-07	4.551763999999999667e+26
1.887499999999999928e-07	4.599171999999999962e+26
1.900000000000000073e-07	4.645462999999999966e+26
1.912499999999999953e-07	4.690411999999999855e+26
1.925000000000000098e-07	4.733798000000000251e+26
1.937499999999999978e-07	4.775404000000000166e+26
1.950000000000000124e-07	4.815020000000000083e+26
1.962500000000000004e-07	4.852444000000000010e+26
1.974999999999999884e-07	4.887478999999999828e+26
1.987500000000000029e-07	4.919932999999999979e+26
1.999999999999999909e-07	4.949626000000000190e+26
2.012500000000000055e-07	4.976381999999999950e+26
2.024999999999999935e-07	5.000037000000000096e+26
2.037500000000000080e-07	5.020433000000000074e+26
2.049999999999999960e-07	5.037423999999999993e+26
2.062500000000000105e-07	5.050871000000000058e+26
2.074999999999999986e-07	5.060646000000000335e+26
2.087500000000000131e-07	5.066633000000000174e+26
2.100000000000000011e-07	5.068723999999999824e+26
2.112499999999999891e-07	5.066822000000000082e+26
2.125000000000000036e-07	5.060843999999999879e+26
2.137499999999999917e-07	5.050715999999999843e+26
2.150000000000000062e-07	5.036373999999999663e+26
2.162499999999999942e-07	5.017770000000000138e+26
2.175000000000000087e-07	4.994863000000000102e+26
2.187499999999999967e-07	4.967628000000000185e+26
2.200000000000000112e-07	4.936048999999999966e+26
2.212499999999999993e-07	4.900123999999999908e+26
2.224999999999999873e-07	4.859862000000000333e+26
2.237500000000000018e-07	4.815284000000000163e+26
2.249999999999999898e-07	4.766423999999999776e+26
2.262500000000000043e-07	4.713325999999999989e+26
2.274999999999999924e-07	4.656047999999999751e+26
2.287500000000000069e-07	4.594658999999999934e+26
2.299999999999999949e-07	4.529237999999999784e+26
2.312500000000000094e-07	4.459878000000000117e+26
2.324999999999999974e-07	4.386681000000000010e+26
2.337500000000000119e-07	4.309760999999999889e+26
2.350000000000000000e-07	4.229243000000000039e+26
2.362499999999999880e-07	4.145260000000000267e+26
2.375000000000000025e-07	4.057958999999999891e+26
2.387499999999999905e-07	3.967492000000000164e+26
2.399999999999999786e-07	3.874024999999999789e+26
2.412500000000000195e-07	3.777729000000000089e+26
2.425000000000000076e-07	3.678786000000000186e+26
2.437499999999999956e-07	3.577384999999999990e+26
2.449999999999999836e-07	3.473722000000000193e+26
2.462500000000000246e-07	3.368001999999999751e+26
2.475000000000000126e-07	3.260435000000000243e+26
2.487500000000000007e-07	3.151239000000000019e+26
2.499999999999999887e-07	3.068445000000000028e+26
